1	-1.81531e-9
1.04737	-1.86497e-9
1.09699	-1.91562e-9
1.14895	-1.9672500000000002e-9
1.20338	-2.0190600000000003e-9
1.26038	-2.0722300000000004e-9
1.32009	-2.12546e-9
1.38262	-2.17958e-9
1.44812	-2.23461e-9
1.51672	-2.2895800000000003e-9
1.58857	-2.3459e-9
1.66382	-2.4018500000000003e-9
1.74263	-2.45854e-9
1.82518	-2.51595e-9
1.91164	-2.5728e-9
2.0022	-2.63094e-9
2.09705	-2.68822e-9
2.19639	-2.7460000000000002e-9
2.30043	-2.80421e-9
2.4094	-2.86117e-9
2.52354	-2.9192800000000003e-9
2.64308	-2.97598e-9
2.76829	-3.0329e-9
2.89942	-3.0898700000000002e-9
3.03677	-3.1446999999999997e-9
3.18063	-3.2005000000000003e-9
3.33129	-3.2541300000000006e-9
3.4891	-3.3075800000000003e-9
3.65438	-3.3606200000000003e-9
3.82749	-3.4105600000000003e-9
4.00881	-3.4612400000000003e-9
4.19871	-3.50878e-9
4.3976	-3.5556700000000004e-9
4.60592	-3.6016100000000003e-9
4.82411	-3.64341e-9
5.05263	-3.68569e-9
5.29198	-3.7237200000000005e-9
5.54266	-3.76055e-9
5.80523	-3.7959e-9
6.08022	-3.82601e-9
6.36825	-3.85636e-9
6.66992	-3.88125e-9
6.98588	-3.904400000000001e-9
7.31681	-3.9255499999999995e-9
7.66341	-3.94041e-9
8.02643	-3.95533e-9
8.40665	-3.96366e-9
8.80488	-3.96978e-9
9.22198	-3.97349e-9
9.65883	-3.96993e-9
10.1164	-3.96638e-9
10.5956	-3.95533e-9
11.0975	-3.94182e-9
11.6232	-3.92566e-9
12.1738	-3.90152e-9
12.7505	-3.87752e-9
13.3545	-3.84569e-9
13.9871	-3.81149e-9
14.6497	-3.77464e-9
15.3437	-3.729400000000001e-9
16.0705	-3.6847e-9
16.8318	-3.63243e-9
17.6291	-3.57824e-9
18.4642	-3.52186e-9
19.3389	-3.4575100000000004e-9
20.255	-3.39433e-9
21.2145	-3.32437e-9
22.2195	-3.2532700000000003e-9
23.272	-3.1809e-9
24.3744	-3.10198e-9
25.5291	-3.0250300000000003e-9
26.7384	-2.94276e-9
28.005	-2.8603900000000003e-9
29.3317	-2.7779900000000002e-9
30.7211	-2.69115e-9
32.1764	-2.6070300000000003e-9
33.7006	-2.51965e-9
35.2971	-2.43331e-9
36.9691	-2.3481600000000003e-9
38.7204	-2.2608700000000003e-9
40.5546	-2.1768300000000002e-9
42.4757	-2.0916500000000003e-9
44.4878	-2.00845e-9
46.5953	-1.9273200000000003e-9
48.8025	-1.8458700000000002e-9
51.1143	-1.7678600000000001e-9
53.5357	-1.69019e-9
56.0717	-1.6149800000000001e-9
58.7279	-1.54224e-9
61.5099	-1.47023e-9
64.4236	-1.40158e-9
67.4754	-1.33397e-9
70.6718	-1.2689400000000002e-9
74.0196	-1.2064100000000002e-9
77.526	-1.1451000000000001e-9
81.1984	-1.0869e-9
85.0449	-1.03005e-9
89.0735	-9.75661e-10
93.293	-9.236820000000001e-10
97.7124	-8.731580000000001e-10
102.341	-8.253969999999999e-10
107.189	-7.79146e-10
112.267	-7.351390000000001e-10
117.585	-6.9333e-10
123.155	-6.530830000000001e-10
128.989	-6.151720000000001e-10
135.099	-5.788180000000001e-10
141.499	-5.444100000000001e-10
148.202	-5.118990000000001e-10
155.223	-4.809130000000001e-10
162.576	-4.51803e-10
170.277	-4.2417000000000005e-10
178.343	-3.9813899999999997e-10
186.791	-3.7365500000000004e-10
195.64	-3.50534e-10
204.907	-3.28843e-10
214.614	-3.08449e-10
224.781	-2.89305e-10
235.429	-2.71356e-10
246.581	-2.54538e-10
258.262	-2.3876200000000003e-10
270.496	-2.2404400000000002e-10
283.31	-2.10259e-10
296.73	-1.9735400000000003e-10
310.787	-1.85329e-10
325.509	-1.74038e-10
340.929	-1.63554e-10
357.079	-1.53738e-10
373.994	-1.4454800000000002e-10
391.71	-1.36009e-10
410.266	-1.27974e-10
429.7	-1.2052e-10
450.056	-1.1353300000000001e-10
471.375	-1.0698e-10
493.705	-1.00884e-10
517.092	-9.5136e-11
541.587	-8.978570000000001e-11
567.243	-8.475840000000001e-11
594.113	-8.00286e-11
622.257	-7.56082e-11
651.734	-7.1432e-11
682.607	-6.75184e-11
714.943	-6.38292e-11
748.81	-6.03461e-11
784.282	-5.7066e-11
821.434	-5.396430000000001e-11
860.346	-5.10322e-11
901.102	-4.8259700000000004e-11
943.788	-4.56341e-11
988.496	-4.3140300000000004e-11
1035.32	-4.078290000000001e-11
1084.37	-3.85356e-11
1135.73	-3.64064e-11
1189.53	-3.4386e-11
1245.88	-3.24528e-11
1304.9	-3.0628299999999996e-11
1366.72	-2.88789e-11
1431.46	-2.72207e-11
1499.27	-2.56469e-11
1570.29	-2.4133300000000003e-11
1644.68	-2.2709100000000002e-11
1722.59	-2.1339700000000002e-11
1804.19	-2.0043900000000002e-11
1889.65	-1.88159e-11
1979.17	-1.76331e-11
2072.92	-1.65246e-11
2171.12	-1.54593e-11
2273.97	-1.4454400000000001e-11
2381.69	-1.35055e-11
2494.51	-1.2593100000000001e-11
2612.68	-1.17423e-11
2736.44	-1.09272e-11
2866.07	-1.01618e-11
3001.84	-9.44292e-12
3144.04	-8.754840000000001e-12
3292.97	-8.116899999999999e-12
3448.96	-7.50885e-12
3612.34	-6.94124e-12
3783.46	-6.411420000000001e-12
3962.69	-5.9079e-12
4150.4	-5.44393e-12
4347.01	-5.00482e-12
4552.94	-4.5975900000000004e-12
4768.61	-4.22012e-12
4994.51	-3.86438e-12
5231.1	-3.5386300000000006e-12
5478.9	-3.2329400000000006e-12
5738.44	-2.9514e-12
6010.28	-2.6923200000000004e-12
6294.99	-2.45038e-12
6593.19	-2.23018e-12
6905.51	-2.02542e-12
7232.63	-1.83814e-12
7575.25	-1.6670300000000002e-12
7934.1	-1.50871e-12
8309.94	-1.3654300000000002e-12
8703.59	-1.2334e-12
9115.89	-1.11343e-12
9547.72	-1.00453e-12
10000	-9.04676e-13