1	-1.9786879e-8
1.04737	-2.0328173e-8
1.09699	-2.0880258000000002e-8
1.14895	-2.1443025e-8
1.20338	-2.2007754000000002e-8
1.26038	-2.2587307000000004e-8
1.32009	-2.3167514e-8
1.38262	-2.3757422000000004e-8
1.44812	-2.4357249e-8
1.51672	-2.4956422000000004e-8
1.58857	-2.557031e-8
1.66382	-2.6180165000000003e-8
1.74263	-2.6798086e-8
1.82518	-2.7423855000000005e-8
1.91164	-2.8043520000000002e-8
2.0022	-2.8677246e-8
2.09705	-2.9301598e-8
2.19639	-2.99314e-8
2.30043	-3.0565889e-8
2.4094	-3.1186753000000004e-8
2.52354	-3.1820152000000005e-8
2.64308	-3.2438182e-8
2.76829	-3.305861e-8
2.89942	-3.3679583000000004e-8
3.03677	-3.427723e-8
3.18063	-3.488545e-8
3.33129	-3.547001700000001e-8
3.4891	-3.6052622000000004e-8
3.65438	-3.6630758e-8
3.82749	-3.7175104e-8
4.00881	-3.7727516e-8
4.19871	-3.8245702e-8
4.3976	-3.875680300000001e-8
4.60592	-3.9257549000000005e-8
4.82411	-3.9713169000000004e-8
5.05263	-4.0174021e-8
5.29198	-4.058854800000001e-8
5.54266	-4.0989995e-8
5.80523	-4.1375310000000004e-8
6.08022	-4.1703509e-8
6.36825	-4.2034324e-8
6.66992	-4.2305625e-8
6.98588	-4.2557960000000003e-8
7.31681	-4.2788495e-8
7.66341	-4.2950469000000005e-8
8.02643	-4.3113097000000005e-8
8.40665	-4.3203894e-8
8.80488	-4.3270602e-8
9.22198	-4.3311041e-8
9.65883	-4.3272237000000005e-8
10.1164	-4.3233542e-8
10.5956	-4.3113097000000005e-8
11.0975	-4.2965838000000004e-8
11.6232	-4.2789694e-8
12.1738	-4.2526568e-8
12.7505	-4.2264968000000005e-8
13.3545	-4.1918021e-8
13.9871	-4.1545241000000006e-8
14.6497	-4.1143576000000005e-8
15.3437	-4.0650460000000004e-8
16.0705	-4.016323e-8
16.8318	-3.9593487e-8
17.6291	-3.9002816e-8
18.4642	-3.8388274e-8
19.3389	-3.7686859e-8
20.255	-3.6998197e-8
21.2145	-3.6235633e-8
22.2195	-3.5460643000000004e-8
23.272	-3.467181e-8
24.3744	-3.3811582e-8
25.5291	-3.2972827e-8
26.7384	-3.2076084e-8
28.005	-3.1178251e-8
29.3317	-3.0280091e-8
30.7211	-2.9333535e-8
32.1764	-2.8416627000000002e-8
33.7006	-2.7464185000000003e-8
35.2971	-2.6523079e-8
36.9691	-2.5594944e-8
38.7204	-2.4643483000000003e-8
40.5546	-2.3727447e-8
42.4757	-2.2798985000000003e-8
44.4878	-2.1892105000000002e-8
46.5953	-2.1007788000000004e-8
48.8025	-2.0119983000000002e-8
51.1143	-1.9269674000000002e-8
53.5357	-1.8423071000000002e-8
56.0717	-1.7603282000000003e-8
58.7279	-1.6810416e-8
61.5099	-1.6025507000000002e-8
64.4236	-1.5277222000000003e-8
67.4754	-1.4540273000000001e-8
70.6718	-1.3831446000000001e-8
74.0196	-1.3149869000000002e-8
77.526	-1.248159e-8
81.1984	-1.1847210000000001e-8
85.0449	-1.1227545e-8
89.0735	-1.0634704900000001e-8
93.293	-1.0068133800000001e-8
97.7124	-9.5174222e-9
102.341	-8.9968273e-9
107.189	-8.4926914e-9
112.267	-8.0130151e-9
117.585	-7.557297e-9
123.155	-7.1186047000000005e-9
128.989	-6.705374800000001e-9
135.099	-6.3091162e-9
141.499	-5.934069000000001e-9
148.202	-5.579699100000001e-9
155.223	-5.241951700000001e-9
162.576	-4.9246527e-9
170.277	-4.623453000000001e-9
178.343	-4.3397151e-9
186.791	-4.0728395000000004e-9
195.64	-3.8208206e-9
204.907	-3.5843887000000003e-9
214.614	-3.3620941000000004e-9
224.781	-3.1534245000000002e-9
235.429	-2.9577804000000002e-9
246.581	-2.7744642000000005e-9
258.262	-2.6025058000000003e-9
270.496	-2.4420796e-9
283.31	-2.2918231000000002e-9
296.73	-2.1511586000000002e-9
310.787	-2.0200861e-9
325.509	-1.8970142e-9
340.929	-1.7827386e-9
357.079	-1.6757442e-9
373.994	-1.5755732000000002e-9
391.71	-1.4824981e-9
410.266	-1.3949166000000001e-9
429.7	-1.313668e-9
450.056	-1.2375097000000001e-9
471.375	-1.166082e-9
493.705	-1.0996356e-9
517.092	-1.0369824e-9
541.587	-9.7866413e-10
567.243	-9.238665600000001e-10
594.113	-8.723117400000001e-10
622.257	-8.241293800000001e-10
651.734	-7.786088e-10
682.607	-7.3595056e-10
714.943	-6.9573828e-10
748.81	-6.5777249e-10
784.282	-6.220194e-10
821.434	-5.882108700000001e-10
860.346	-5.5625098e-10
901.102	-5.2603073e-10
943.788	-4.9741169e-10
988.496	-4.7022927e-10
1035.32	-4.4453361000000007e-10
1084.37	-4.2003804000000004e-10
1135.73	-3.9682976000000003e-10
1189.53	-3.748074e-10
1245.88	-3.5373552e-10
1304.9	-3.3384847e-10
1366.72	-3.1478001e-10
1431.46	-2.9670563e-10
1499.27	-2.7955121e-10
1570.29	-2.6305297000000003e-10
1644.68	-2.4752919000000003e-10
1722.59	-2.3260273000000002e-10
1804.19	-2.1847851e-10
1889.65	-2.0509331e-10
1979.17	-1.9220079000000002e-10
2072.92	-1.8011814e-10
2171.12	-1.6850637e-10
2273.97	-1.5755296000000002e-10
2381.69	-1.4720995e-10
2494.51	-1.3726479e-10
2612.68	-1.2799107e-10
2736.44	-1.1910648000000003e-10
2866.07	-1.1076362000000001e-10
3001.84	-1.02927828e-10
3144.04	-9.542775600000001e-11
3292.97	-8.847421e-11
3448.96	-8.1846465e-11
3612.34	-7.5659516e-11
3783.46	-6.988447800000001e-11
3962.69	-6.439611e-11
4150.4	-5.9338837e-11
4347.01	-5.4552538000000006e-11
4552.94	-5.0113731000000004e-11
4768.61	-4.5999308000000004e-11
4994.51	-4.2121742e-11
5231.1	-3.8571067000000004e-11
5478.9	-3.5239046000000004e-11
5738.44	-3.217026e-11
6010.28	-2.9346288000000003e-11
6294.99	-2.6709142e-11
6593.19	-2.4308962e-11
6905.51	-2.2077078e-11
7232.63	-2.0035726e-11
7575.25	-1.8170627000000004e-11
7934.1	-1.6444939e-11
8309.94	-1.4883187000000002e-11
8703.59	-1.344406e-11
9115.89	-1.2136387000000001e-11
9547.72	-1.0949377e-11
10000	-9.8609684e-12