0.	0.
0.02	0.
0.04	0.
0.06	0.
0.08	0.
0.1	0.
0.12	0.
0.14	0.
0.16	0.
0.18	0.
0.2	0.
0.22	9.72409833360122
0.24	11.187717804233523
0.26	12.675216933225489
0.28	14.171429814598504
0.3	15.662104620304333
0.32	17.133982740043454
0.34	18.574857468676548
0.36	19.97361418336244
0.38	21.32025384369685
0.4	22.605901557961094
0.42	23.82280187776842
0.44	24.964302406340877
0.46	26.02482722914178
0.48	26.999841597904787
0.5	27.885809219476965
0.52	28.6801434191789
0.54	29.38115336481924
0.56	29.987986452555084
0.58	30.500567870071585
0.6	30.919538266730846
0.62	31.24619037509565
0.64	31.482405344230063
0.66	31.630589463039964
0.68	31.693611872205963
0.7000000000000001	31.674743786481574
0.72	31.577599675710687
0.74	31.406080783219366
0.76	31.16432129454696
0.78	30.856637408017292
0.8	30.487479501569286
0.8200000000000001	30.061387537656127
0.84	29.582949799923323
0.86	29.056765011770235
0.88	28.48740784772974
0.9	27.879397813763372
0.92	27.237171441932418
0.9400000000000001	26.565057718302167
0.96	25.86725664018114
0.98	25.147820779679446
1.	24.410639714870282
1.02	23.659427177320985
1.04	22.897710755186505
1.06	22.128823984184283
1.08	21.35590065435234
1.1	20.58187115829119
1.12	19.80946070636739
1.1400000000000001	19.041189235884495
1.16	18.279372844284133
1.18	17.52612658081525
1.2	16.78336843660427
1.22	16.052824379484445
1.24	15.336034287125633
1.26	14.634358639782032
1.28	13.948985842198622
1.3	13.280940052749779
1.32	12.63108940660436
1.34	12.000154528510524
1.36	11.3887172395738
1.3800000000000001	10.79722937107758
1.4000000000000001	10.226021606893333
1.42	9.675312284284916
1.44	9.145216090874568
1.46	8.63575260316497
1.48	8.146854619265865
1.5	7.678376245330695
1.52	7.230100701647787
1.54	6.801747820339714
1.56	6.392981212196847
1.58	6.003415085305767
1.6	5.632620702832265
1.62	5.280132471590781
1.6400000000000001	4.945453656886408
1.6600000000000001	4.628061722566682
1.68	4.327413298283447
1.7	4.042948778658236
1.72	3.77409656138694
1.74	3.52027693333126
1.76	3.2809056153471174
1.78	3.055396978014684
1.8	2.8431669415831187
1.82	2.64363557434692
1.84	2.4562294043511677
1.86	2.2803834598007406
1.8800000000000001	2.1155430538440734
1.9000000000000001	1.9611653295343165
1.92	1.816720580758715
1.94	1.68169336478802
1.96	1.5555834218485733
1.98	1.4379064167757207
2.	1.328194517383132
2.02	0.
2.04	0.
2.06	0.
2.08	0.
2.1	0.