2.000000000000000000e+00 2.104173760200374229e-08
3.000000000000000000e+00 2.094631154133950863e-08
4.000000000000000000e+00 2.046717530078636606e-08
5.000000000000000000e+00 1.978751755533517513e-08
6.000000000000000000e+00 1.897325513564693902e-08
7.000000000000000000e+00 1.809798649389531939e-08
8.000000000000000000e+00 1.720797719953735158e-08
9.000000000000000000e+00 1.633108331775940980e-08
1.000000000000000000e+01 1.548396204856245624e-08
1.100000000000000000e+01 1.467616864755754594e-08
1.200000000000000000e+01 1.391267434890105895e-08
1.300000000000000000e+01 1.319547636835754539e-08
1.400000000000000000e+01 1.252465054520655446e-08
1.500000000000000000e+01 1.189904827293697644e-08
1.600000000000000000e+01 1.131676374998973269e-08
1.700000000000000000e+01 1.077544925005327438e-08
1.800000000000000000e+01 1.026395791163247215e-08
1.900000000000000000e+01 9.805340381910944805e-09
2.000000000000000000e+01 9.370316517265577643e-09
2.100000000000000000e+01 8.967639202340112581e-09
2.200000000000000000e+01 8.589597107042921894e-09
2.300000000000000000e+01 8.242273341163632091e-09
2.400000000000000000e+01 7.914924509602601581e-09
2.500000000000000000e+01 7.611308302515501044e-09
2.600000000000000000e+01 7.325846365274045069e-09
2.700000000000000000e+01 7.059284218327285114e-09
2.800000000000000000e+01 6.805037428585348512e-09
2.900000000000000000e+01 6.568936022583921068e-09
3.000000000000000000e+01 6.351374235089234285e-09
3.100000000000000000e+01 6.141992503044706018e-09
3.200000000000000000e+01 5.943462262119345716e-09
3.300000000000000000e+01 5.757356479452669162e-09
3.400000000000000000e+01 5.579192045479218769e-09
3.500000000000000000e+01 5.410638553849706217e-09
3.600000000000000000e+01 5.251348177089564834e-09
3.700000000000000000e+01 5.097067966277184227e-09
3.800000000000000000e+01 4.949920636798778937e-09
3.900000000000000000e+01 4.811973056121870263e-09
4.000000000000000000e+01 4.681613587252024522e-09
4.100000000000000000e+01 4.554727777934357629e-09
4.200000000000000000e+01 4.432301475045319718e-09
4.300000000000000000e+01 4.315651946013242857e-09
4.400000000000000000e+01 4.203945639184589506e-09
4.500000000000000000e+01 4.095004346665662418e-09
4.600000000000000000e+01 3.989936970496438982e-09
4.700000000000000000e+01 3.890136522463889573e-09
4.800000000000000000e+01 3.795783392702853496e-09
4.900000000000000000e+01 3.705508134819411606e-09
5.000000000000000000e+01 3.617103236584262928e-09
5.100000000000000000e+01 3.531075126549915888e-09
5.200000000000000000e+01 3.448324076547848896e-09
5.300000000000000000e+01 3.369063862893934982e-09
5.400000000000000000e+01 3.292648129845423872e-09
5.500000000000000000e+01 3.217997540960785227e-09
5.600000000000000000e+01 3.145610333913712299e-09
5.700000000000000000e+01 3.076191883161023151e-09
5.800000000000000000e+01 3.010032478463436822e-09
5.900000000000000000e+01 2.946909969648656464e-09
6.000000000000000000e+01 2.885983841716251436e-09
6.100000000000000000e+01 2.826171438345992577e-09
6.200000000000000000e+01 2.767758853661808227e-09
6.300000000000000000e+01 2.711296114344330011e-09
6.400000000000000000e+01 2.657123537580247803e-09
6.500000000000000000e+01 2.605324569300538704e-09
6.600000000000000000e+01 2.555674799665855434e-09
6.700000000000000000e+01 2.507587036562421908e-09
6.800000000000000000e+01 2.460360554088202184e-09
6.900000000000000000e+01 2.414189818443491283e-09
7.000000000000000000e+01 2.369451798448500831e-09
7.100000000000000000e+01 2.326410403898337366e-09
7.200000000000000000e+01 2.285193030926090837e-09
7.300000000000000000e+01 2.245765383557599059e-09
7.400000000000000000e+01 2.207904522820027939e-09
7.500000000000000000e+01 2.171170094721403263e-09
7.600000000000000000e+01 2.135069417198519230e-09
7.700000000000000000e+01 2.099695602583931434e-09
7.800000000000000000e+01 2.065263085315982944e-09
7.900000000000000000e+01 2.031920389702932590e-09
8.000000000000000000e+01 1.999738181965126490e-09
8.100000000000000000e+01 1.968696538374602430e-09
8.200000000000000000e+01 1.938671409627848714e-09
8.300000000000000000e+01 1.909420261605149075e-09
8.400000000000000000e+01 1.880677877458625531e-09
8.500000000000000000e+01 1.852516096961563909e-09
8.600000000000000000e+01 1.825073894419671037e-09
8.700000000000000000e+01 1.798450394740991480e-09
8.800000000000000000e+01 1.772698374580322667e-09
8.900000000000000000e+01 1.747817377295739970e-09
9.000000000000000000e+01 1.723746432827369082e-09
9.100000000000000000e+01 1.700356373618583139e-09
9.200000000000000000e+01 1.677441737717473523e-09
9.300000000000000000e+01 1.654793040225849804e-09
9.400000000000000000e+01 1.632458291952113157e-09
9.500000000000000000e+01 1.610543470169183305e-09
9.600000000000000000e+01 1.589135527593415715e-09
9.700000000000000000e+01 1.568299332442384520e-09
9.800000000000000000e+01 1.548074439962562363e-09
9.900000000000000000e+01 1.528471691916724384e-09
1.000000000000000000e+02 1.509469640447029919e-09
1.010000000000000000e+02 1.491010792781622292e-09
1.020000000000000000e+02 1.472997673219687771e-09
1.030000000000000000e+02 1.455288698851000475e-09
1.040000000000000000e+02 1.437744959039880099e-09
1.050000000000000000e+02 1.420394860980973167e-09
1.060000000000000000e+02 1.403305466166390371e-09
1.070000000000000000e+02 1.386533791757628000e-09
1.080000000000000000e+02 1.370125332862243426e-09
1.090000000000000000e+02 1.354112511422300672e-09
1.100000000000000000e+02 1.338513050327357454e-09
1.110000000000000000e+02 1.323328271353916784e-09
1.120000000000000000e+02 1.308541315541601135e-09
1.130000000000000000e+02 1.294115284612127835e-09
1.140000000000000000e+02 1.279991302038232631e-09
1.150000000000000000e+02 1.266086492370530680e-09
1.160000000000000000e+02 1.252321507517710369e-09
1.170000000000000000e+02 1.238715472960650352e-09
1.180000000000000000e+02 1.225309970279714693e-09
1.190000000000000000e+02 1.212140654796453429e-09
1.200000000000000000e+02 1.199236486802499598e-09
1.210000000000000000e+02 1.186618928633331337e-09
1.220000000000000000e+02 1.174301106996355150e-09
1.230000000000000000e+02 1.162286939978602225e-09
1.240000000000000000e+02 1.150570228147692262e-09
1.250000000000000000e+02 1.139133709164075632e-09
1.260000000000000000e+02 1.127948075325615744e-09
1.270000000000000000e+02 1.116970953458056896e-09
1.280000000000000000e+02 1.106145846573188285e-09
1.290000000000000000e+02 1.095420169228349118e-09
1.300000000000000000e+02 1.084806291370108379e-09
1.310000000000000000e+02 1.074331709595689128e-09
1.320000000000000000e+02 1.064020699408176910e-09
1.330000000000000000e+02 1.053893929860733286e-09
1.340000000000000000e+02 1.043968062677740090e-09
1.350000000000000000e+02 1.034255335617781190e-09
1.360000000000000000e+02 1.024763129835953717e-09
1.370000000000000000e+02 1.015493521007356619e-09
1.380000000000000000e+02 1.006442813972535096e-09
1.390000000000000000e+02 9.976010606659590942e-10
1.400000000000000000e+02 9.889515610874119466e-10
1.410000000000000000e+02 9.804703470798362689e-10
1.420000000000000000e+02 9.721256486682506818e-10
1.430000000000000000e+02 9.638773427281921293e-10
1.440000000000000000e+02 9.556889547950242648e-10
1.450000000000000000e+02 9.475675978009092462e-10
1.460000000000000000e+02 9.395307735901562592e-10
1.470000000000000000e+02 9.315943046859903828e-10
1.480000000000000000e+02 9.237721487839723990e-10
1.490000000000000000e+02 9.160762064882497660e-10
1.500000000000000000e+02 9.085161221970636360e-10
1.510000000000000000e+02 9.010990780436152364e-10
1.520000000000000000e+02 8.938295807983868632e-10
1.530000000000000000e+02 8.867092416386577774e-10
1.540000000000000000e+02 8.797365486927735358e-10
1.550000000000000000e+02 8.729066322630983465e-10
1.560000000000000000e+02 8.662110226348022178e-10
1.570000000000000000e+02 8.596374003781418321e-10
1.580000000000000000e+02 8.531693390457409929e-10
1.590000000000000000e+02 8.467860401782854097e-10
1.600000000000000000e+02 8.404620605166190494e-10
1.610000000000000000e+02 8.341747368902446238e-10
1.620000000000000000e+02 8.279285552970716066e-10
1.630000000000000000e+02 8.217345312643177846e-10
1.640000000000000000e+02 8.156027920920258748e-10
1.650000000000000000e+02 8.095424870826645769e-10
1.660000000000000000e+02 8.035616948176508948e-10
1.670000000000000000e+02 7.976673274570265538e-10
1.680000000000000000e+02 7.918650320135107057e-10
1.690000000000000000e+02 7.861590885762274494e-10
1.700000000000000000e+02 7.805523054373300681e-10
1.710000000000000000e+02 7.750459110889825584e-10
1.720000000000000000e+02 7.696394430548723307e-10
1.730000000000000000e+02 7.643306335171853034e-10
1.740000000000000000e+02 7.591152917035984983e-10
1.750000000000000000e+02 7.539871829955798388e-10
1.760000000000000000e+02 7.489379047259656870e-10
1.770000000000000000e+02 7.439567586208617457e-10
1.780000000000000000e+02 7.390306198586832771e-10
1.790000000000000000e+02 7.341438027013037517e-10
1.800000000000000000e+02 7.292825775697046935e-10
1.810000000000000000e+02 7.244498265731864363e-10
1.820000000000000000e+02 7.196524369715588121e-10
1.830000000000000000e+02 7.148968059128608256e-10
1.840000000000000000e+02 7.101887958648043164e-10
1.850000000000000000e+02 7.055336887394940410e-10
1.860000000000000000e+02 7.009361386856548099e-10
1.870000000000000000e+02 6.964001235431482391e-10
1.880000000000000000e+02 6.919288949414480694e-10
1.890000000000000000e+02 6.875249270256804702e-10
1.900000000000000000e+02 6.831898637976750026e-10
1.910000000000000000e+02 6.789244650567832660e-10
1.920000000000000000e+02 6.747285509280907107e-10
1.930000000000000000e+02 6.706009449552426133e-10
1.940000000000000000e+02 6.665394157558336332e-10
1.950000000000000000e+02 6.625406172137521634e-10
1.960000000000000000e+02 6.586000271965084144e-10
1.970000000000000000e+02 6.547118847888783072e-10
1.980000000000000000e+02 6.508691260192196675e-10
1.990000000000000000e+02 6.470633180690742877e-10
2.000000000000000000e+02 6.432845919514365771e-10
2.010000000000000000e+02 6.395244261364451881e-10
2.020000000000000000e+02 6.357845899993167754e-10
2.030000000000000000e+02 6.320693359885420486e-10
2.040000000000000000e+02 6.283826366994012174e-10
2.050000000000000000e+02 6.247281622771730589e-10
2.060000000000000000e+02 6.211092572255485966e-10
2.070000000000000000e+02 6.175289166132999403e-10
2.080000000000000000e+02 6.139897616738118938e-10
2.090000000000000000e+02 6.104940147906898310e-10
2.100000000000000000e+02 6.070434738641847310e-10
2.110000000000000000e+02 6.036394860521928442e-10
2.120000000000000000e+02 6.002829208799098605e-10
2.130000000000000000e+02 5.969741427117319267e-10
2.140000000000000000e+02 5.937129825803297940e-10
2.150000000000000000e+02 5.904987093655635546e-10
2.160000000000000000e+02 5.873300003191137459e-10
2.170000000000000000e+02 5.842049109264620998e-10
2.180000000000000000e+02 5.811208441029223111e-10
2.190000000000000000e+02 5.780745187150268487e-10
2.200000000000000000e+02 5.750619374235648664e-10
2.210000000000000000e+02 5.720783538411143434e-10
2.220000000000000000e+02 5.691182389977546889e-10
2.230000000000000000e+02 5.661752471101974207e-10
2.240000000000000000e+02 5.632439755344117563e-10
2.250000000000000000e+02 5.603255713393683476e-10
2.260000000000000000e+02 5.574227726542572099e-10
2.270000000000000000e+02 5.545381659131535512e-10
2.280000000000000000e+02 5.516741746099353366e-10
2.290000000000000000e+02 5.488330477857671570e-10
2.300000000000000000e+02 5.460168482461542499e-10
2.310000000000000000e+02 5.432274405062188862e-10
2.320000000000000000e+02 5.404664784601186389e-10
2.330000000000000000e+02 5.377353927735831071e-10
2.340000000000000000e+02 5.350353779966554525e-10
2.350000000000000000e+02 5.323673793941279469e-10
2.360000000000000000e+02 5.297320794912384812e-10
2.370000000000000000e+02 5.271298843325571900e-10
2.380000000000000000e+02 5.245609094508430803e-10
2.390000000000000000e+02 5.220249655447718594e-10
2.400000000000000000e+02 5.195215438616091607e-10
2.410000000000000000e+02 5.170498012834617377e-10
2.420000000000000000e+02 5.146085451141490383e-10
2.430000000000000000e+02 5.121962175646321741e-10
2.440000000000000000e+02 5.098108799343043972e-10
2.450000000000000000e+02 5.074501964858055774e-10
2.460000000000000000e+02 5.051114180108424304e-10
2.470000000000000000e+02 5.027913650848714798e-10
2.480000000000000000e+02 5.004864110080367555e-10
2.490000000000000000e+02 4.981924644296443194e-10
2.500000000000000000e+02 4.959060809490157433e-10
2.510000000000000000e+02 4.936279781130594484e-10
2.520000000000000000e+02 4.913598890447133811e-10
2.530000000000000000e+02 4.891034632855057685e-10
2.540000000000000000e+02 4.868602611771363611e-10
2.550000000000000000e+02 4.846317481230469019e-10
2.560000000000000000e+02 4.824192887289128248e-10
2.570000000000000000e+02 4.802241408205687082e-10
2.580000000000000000e+02 4.780474493386831957e-10
2.590000000000000000e+02 4.758902401096315526e-10
2.600000000000000000e+02 4.737534134902169754e-10
2.610000000000000000e+02 4.716377378876871860e-10
2.620000000000000000e+02 4.695438431508933471e-10
2.630000000000000000e+02 4.674722138347968719e-10
2.640000000000000000e+02 4.654231823347842102e-10
2.650000000000000000e+02 4.633969218917476398e-10
2.660000000000000000e+02 4.613934394651004170e-10
2.670000000000000000e+02 4.594125684747197315e-10
2.680000000000000000e+02 4.574539614091891495e-10
2.690000000000000000e+02 4.555170823002415433e-10
2.700000000000000000e+02 4.536011990622014909e-10
2.710000000000000000e+02 4.517053756957981805e-10
2.720000000000000000e+02 4.498284643541017815e-10
2.730000000000000000e+02 4.479690972712014462e-10
2.740000000000000000e+02 4.461256785525641337e-10
2.750000000000000000e+02 4.442963758234994919e-10
2.760000000000000000e+02 4.424791117393348237e-10
2.770000000000000000e+02 4.406715553516135287e-10
2.780000000000000000e+02 4.388711133326396926e-10
2.790000000000000000e+02 4.370756277299331177e-10
2.800000000000000000e+02 4.352855682673193163e-10
2.810000000000000000e+02 4.335020484137928576e-10
2.820000000000000000e+02 4.317261359699771797e-10
2.830000000000000000e+02 4.299588502640558806e-10
2.840000000000000000e+02 4.282011592933601556e-10
2.850000000000000000e+02 4.264539768124819548e-10
2.860000000000000000e+02 4.247181593658943856e-10
2.870000000000000000e+02 4.229945032647775927e-10
2.880000000000000000e+02 4.212837415090703937e-10
2.890000000000000000e+02 4.195865406529471026e-10
2.900000000000000000e+02 4.179034976143568331e-10
2.910000000000000000e+02 4.162351364269224790e-10
2.920000000000000000e+02 4.145819049349737673e-10
2.930000000000000000e+02 4.129441714312016358e-10
2.940000000000000000e+02 4.113222212360061483e-10
2.950000000000000000e+02 4.097162532182674601e-10
2.960000000000000000e+02 4.081263762575503793e-10
2.970000000000000000e+02 4.065526056470805737e-10
2.980000000000000000e+02 4.049948594364005442e-10
2.990000000000000000e+02 4.034529547152439205e-10
3.000000000000000000e+02 4.019266038363101650e-10
3.010000000000000000e+02 4.004154105766508422e-10
3.020000000000000000e+02 3.989188662389697990e-10
3.030000000000000000e+02 3.974363456903268660e-10
3.040000000000000000e+02 3.959671033398372465e-10
3.050000000000000000e+02 3.945102690531158876e-10
3.060000000000000000e+02 3.930648440039119074e-10
3.070000000000000000e+02 3.916296964634329026e-10
3.080000000000000000e+02 3.902035575255030470e-10
3.090000000000000000e+02 3.887850167669878436e-10
3.100000000000000000e+02 3.873725178456240015e-10
3.110000000000000000e+02 3.859643540314396330e-10
3.120000000000000000e+02 3.845591163271528741e-10
3.130000000000000000e+02 3.831570934042189125e-10
3.140000000000000000e+02 3.817589919960793916e-10
3.150000000000000000e+02 3.803654943701572210e-10
3.160000000000000000e+02 3.789772569539306728e-10
3.170000000000000000e+02 3.775949089362274202e-10
3.180000000000000000e+02 3.762190508451344919e-10
3.190000000000000000e+02 3.748502531015922684e-10
3.200000000000000000e+02 3.734890545477048254e-10
3.210000000000000000e+02 3.721359609524868055e-10
3.220000000000000000e+02 3.707914434910558797e-10
3.230000000000000000e+02 3.694559372001518686e-10
3.240000000000000000e+02 3.681298394087181772e-10
3.250000000000000000e+02 3.668135081423889903e-10
3.260000000000000000e+02 3.655072605041957493e-10
3.270000000000000000e+02 3.642113710281984561e-10
3.280000000000000000e+02 3.629260700090361472e-10
3.290000000000000000e+02 3.616515418050824993e-10
3.300000000000000000e+02 3.603879231155429196e-10
3.310000000000000000e+02 3.591353012313221521e-10
3.320000000000000000e+02 3.578937122608926247e-10
3.330000000000000000e+02 3.566631393284342548e-10
3.340000000000000000e+02 3.554435107459661455e-10
3.350000000000000000e+02 3.542346981591556879e-10
3.360000000000000000e+02 3.530365146657765242e-10
3.370000000000000000e+02 3.518487129073514340e-10
3.380000000000000000e+02 3.506709831336493241e-10
3.390000000000000000e+02 3.495029512400623272e-10
3.400000000000000000e+02 3.483441767775313608e-10
3.410000000000000000e+02 3.471941509339462586e-10
3.420000000000000000e+02 3.460522944895921805e-10
3.430000000000000000e+02 3.449179557430366197e-10
3.440000000000000000e+02 3.437904084091005112e-10
3.450000000000000000e+02 3.426688494898839325e-10
3.460000000000000000e+02 3.415523971159197792e-10
3.470000000000000000e+02 3.404400883595086838e-10
3.480000000000000000e+02 3.393308770191595338e-10
3.490000000000000000e+02 3.382239057599377774e-10
3.500000000000000000e+02 3.371193522262076949e-10
3.510000000000000000e+02 3.360176484686661428e-10
3.520000000000000000e+02 3.349192120912510523e-10
3.530000000000000000e+02 3.338244455436684813e-10
3.540000000000000000e+02 3.327337354035749991e-10
3.550000000000000000e+02 3.316474516481764486e-10
3.560000000000000000e+02 3.305659469137978493e-10
3.570000000000000000e+02 3.294895557455286831e-10
3.580000000000000000e+02 3.284185938351098081e-10
3.590000000000000000e+02 3.273533572469756113e-10
3.600000000000000000e+02 3.262941216339948157e-10
3.610000000000000000e+02 3.252411414416551088e-10
3.620000000000000000e+02 3.241946491002062451e-10
3.630000000000000000e+02 3.231548542061272960e-10
3.640000000000000000e+02 3.221219426912150916e-10
3.650000000000000000e+02 3.210960759808775921e-10
3.660000000000000000e+02 3.200773901399118107e-10
3.670000000000000000e+02 3.190659950073672951e-10
3.680000000000000000e+02 3.180619733187574157e-10
3.690000000000000000e+02 3.170653798172362714e-10
3.700000000000000000e+02 3.160762403524182932e-10
3.710000000000000000e+02 3.150945509667572570e-10
3.720000000000000000e+02 3.141202769704973320e-10
3.730000000000000000e+02 3.131533520042770620e-10
3.740000000000000000e+02 3.121936770901974862e-10
3.750000000000000000e+02 3.112411196684345547e-10
3.760000000000000000e+02 3.102955126250392272e-10
3.770000000000000000e+02 3.093566533033816780e-10
3.780000000000000000e+02 3.084243025069044170e-10
3.790000000000000000e+02 3.074981834860198070e-10
3.800000000000000000e+02 3.065779809155607637e-10
3.810000000000000000e+02 3.056633398566621077e-10
3.820000000000000000e+02 3.047538647077290262e-10
3.830000000000000000e+02 3.038491181431060823e-10
3.840000000000000000e+02 3.029486200363837231e-10
3.850000000000000000e+02 3.020518463735523858e-10
3.860000000000000000e+02 3.011582281515841641e-10
3.870000000000000000e+02 3.002671502646773331e-10
3.880000000000000000e+02 2.993781123068199008e-10
3.890000000000000000e+02 2.984912266093890156e-10
3.900000000000000000e+02 2.976067550793059295e-10
3.910000000000000000e+02 2.967249501939865313e-10
3.920000000000000000e+02 2.958460546072892531e-10
3.930000000000000000e+02 2.949703007539077218e-10
3.940000000000000000e+02 2.940979104471811736e-10
3.950000000000000000e+02 2.932290944697620079e-10
3.960000000000000000e+02 2.923640521622366384e-10
3.970000000000000000e+02 2.915029710028430367e-10
3.980000000000000000e+02 2.906460261833747161e-10
3.990000000000000000e+02 2.897933801800484761e-10
4.000000000000000000e+02 2.889451823170593551e-10
4.010000000000000000e+02 2.881015683267837427e-10
4.020000000000000000e+02 2.872626599021008570e-10
4.030000000000000000e+02 2.864285642443064866e-10
4.040000000000000000e+02 2.855993736048335797e-10
4.050000000000000000e+02 2.847751648228034292e-10
4.060000000000000000e+02 2.839559988540161071e-10
4.070000000000000000e+02 2.831419202962133136e-10
4.080000000000000000e+02 2.823329569088197939e-10
4.090000000000000000e+02 2.815291191250376793e-10
4.100000000000000000e+02 2.807303995596435712e-10
4.110000000000000000e+02 2.799367725103862990e-10
4.120000000000000000e+02 2.791481934534731789e-10
4.130000000000000000e+02 2.783645985328494722e-10
4.140000000000000000e+02 2.775859040445797960e-10
4.150000000000000000e+02 2.768120059130905432e-10
4.160000000000000000e+02 2.760427791640715256e-10
4.170000000000000000e+02 2.752780773899971504e-10
4.180000000000000000e+02 2.745177322076953924e-10
4.190000000000000000e+02 2.737615527143436750e-10
4.200000000000000000e+02 2.730093249327389077e-10
4.210000000000000000e+02 2.722608112531094431e-10
4.220000000000000000e+02 2.715157498678036123e-10
4.230000000000000000e+02 2.707738541998932107e-10
4.240000000000000000e+02 2.700348123256402849e-10
4.250000000000000000e+02 2.692982863904330709e-10
4.260000000000000000e+02 2.685639120187262163e-10
4.270000000000000000e+02 2.678313952255699864e-10
4.280000000000000000e+02 2.671008116627470040e-10
4.290000000000000000e+02 2.663723264765596294e-10
4.300000000000000000e+02 2.656460983836401816e-10
4.310000000000000000e+02 2.649222794401884331e-10
4.320000000000000000e+02 2.642010148082470235e-10
4.330000000000000000e+02 2.634824425192936539e-10
4.340000000000000000e+02 2.627666932347851210e-10
4.350000000000000000e+02 2.620538900039921795e-10
4.360000000000000000e+02 2.613441480187585331e-10
4.370000000000000000e+02 2.606375743654940442e-10
4.380000000000000000e+02 2.599342677740935199e-10
4.390000000000000000e+02 2.592343183641555800e-10
4.400000000000000000e+02 2.585378073878862896e-10
4.410000000000000000e+02 2.578448069704290695e-10
4.420000000000000000e+02 2.571553798469418752e-10
4.430000000000000000e+02 2.564695790967403139e-10
4.440000000000000000e+02 2.557874478745253120e-10
4.450000000000000000e+02 2.551090191384987734e-10
4.460000000000000000e+02 2.544343153754433313e-10
4.470000000000000000e+02 2.537633483228483394e-10
4.480000000000000000e+02 2.530961186878177709e-10
4.490000000000000000e+02 2.524326158630599254e-10
4.500000000000000000e+02 2.517728176396941468e-10
4.510000000000000000e+02 2.511166899170193573e-10
4.520000000000000000e+02 2.504641864090711147e-10
4.530000000000000000e+02 2.498152483481129313e-10
4.540000000000000000e+02 2.491698041850822250e-10
4.550000000000000000e+02 2.485277692866547544e-10
4.560000000000000000e+02 2.478890456292673057e-10
4.570000000000000000e+02 2.472535214900883920e-10
4.580000000000000000e+02 2.466210711344991297e-10
4.590000000000000000e+02 2.459915545006574770e-10
4.600000000000000000e+02 2.453648168805439026e-10
4.610000000000000000e+02 2.447406885980985861e-10
4.620000000000000000e+02 2.441189846838445469e-10
4.630000000000000000e+02 2.434995045463450500e-10
4.640000000000000000e+02 2.428820316403491357e-10
4.650000000000000000e+02 2.422663331318158353e-10
4.660000000000000000e+02 2.416522221939246788e-10
4.670000000000000000e+02 2.410397498795524215e-10
4.680000000000000000e+02 2.404290245090714243e-10
4.690000000000000000e+02 2.398201499636667650e-10
4.700000000000000000e+02 2.392132255442101263e-10
4.710000000000000000e+02 2.386083458287245823e-10
4.720000000000000000e+02 2.380056005283343003e-10
4.730000000000000000e+02 2.374050743414473329e-10
4.740000000000000000e+02 2.368068468064074022e-10
4.750000000000000000e+02 2.362109921526453852e-10
4.760000000000000000e+02 2.356175791499340224e-10
4.770000000000000000e+02 2.350266709564117298e-10
4.780000000000000000e+02 2.344383249645884007e-10
4.790000000000000000e+02 2.338525926460738853e-10
4.800000000000000000e+02 2.332695193943787260e-10
4.810000000000000000e+02 2.326891443661385703e-10
4.820000000000000000e+02 2.321115003209363069e-10
4.830000000000000000e+02 2.315366134590665369e-10
4.840000000000000000e+02 2.309645032578092602e-10
4.850000000000000000e+02 2.303951823061771020e-10
4.860000000000000000e+02 2.298286561377604646e-10
4.870000000000000000e+02 2.292649230619190153e-10
4.880000000000000000e+02 2.287039739933886839e-10
4.890000000000000000e+02 2.281457922801499266e-10
4.900000000000000000e+02 2.275903535294358424e-10
4.910000000000000000e+02 2.270376254322867766e-10
4.920000000000000000e+02 2.264875675861182705e-10
4.930000000000000000e+02 2.259401313157470426e-10
4.940000000000000000e+02 2.253952594926050040e-10
4.950000000000000000e+02 2.248528863521708821e-10
4.960000000000000000e+02 2.243129373097655502e-10
4.970000000000000000e+02 2.237753287745142228e-10
4.980000000000000000e+02 2.232399679614661309e-10
4.990000000000000000e+02 2.227067527021359891e-10
5.000000000000000000e+02 2.221755712530742649e-10
5.010000000000000000e+02 2.216463021027682241e-10
5.020000000000000000e+02 2.211188137768314352e-10
5.030000000000000000e+02 2.205929646410785612e-10
5.040000000000000000e+02 2.200686027031101154e-10
5.050000000000000000e+02 2.195456066559804020e-10
5.060000000000000000e+02 2.190240120265825082e-10
5.070000000000000000e+02 2.185038918748554245e-10
5.080000000000000000e+02 2.179853161100862354e-10
5.090000000000000000e+02 2.174683514012421648e-10
5.100000000000000000e+02 2.169530610863815544e-10
5.110000000000000000e+02 2.164395050813454548e-10
5.120000000000000000e+02 2.159277397873193390e-10
5.130000000000000000e+02 2.154178179975869961e-10
5.140000000000000000e+02 2.149097888032274182e-10
5.150000000000000000e+02 2.144036974979550378e-10
5.160000000000000000e+02 2.138995854820612596e-10
5.170000000000000000e+02 2.133974901654117656e-10
5.180000000000000000e+02 2.128974448692014207e-10
5.190000000000000000e+02 2.123994787272590626e-10
5.200000000000000000e+02 2.119036165860624851e-10
5.210000000000000000e+02 2.114098789037920557e-10
5.220000000000000000e+02 2.109182816485043948e-10
5.230000000000000000e+02 2.104288361954260378e-10
5.240000000000000000e+02 2.099415492231055360e-10
5.250000000000000000e+02 2.094564226087190161e-10
5.260000000000000000e+02 2.089734533221824280e-10
5.270000000000000000e+02 2.084926333197143379e-10
5.280000000000000000e+02 2.080139494358930723e-10
5.290000000000000000e+02 2.075373832751164037e-10
5.300000000000000000e+02 2.070629111019381073e-10
5.310000000000000000e+02 2.065905037302758549e-10
5.320000000000000000e+02 2.061201264117494577e-10
5.330000000000000000e+02 2.056517387232395690e-10
5.340000000000000000e+02 2.051852944529503276e-10
5.350000000000000000e+02 2.047207414856805698e-10
5.360000000000000000e+02 2.042580216874409744e-10
5.370000000000000000e+02 2.037970707883795460e-10
5.380000000000000000e+02 2.033378182652238955e-10
5.390000000000000000e+02 2.028801872224275350e-10
5.400000000000000000e+02 2.024240942723767547e-10
5.410000000000000000e+02 2.019694494146568912e-10
5.420000000000000000e+02 2.015161559140065329e-10
5.430000000000000000e+02 2.010641101775528281e-10
5.440000000000000000e+02 2.006132298490540488e-10
5.450000000000000000e+02 2.001635400022534322e-10
5.460000000000000000e+02 1.997150913005288815e-10
5.470000000000000000e+02 1.992679321329858746e-10
5.480000000000000000e+02 1.988221085556371927e-10
5.490000000000000000e+02 1.983776642323080526e-10
5.500000000000000000e+02 1.979346403748916678e-10
5.510000000000000000e+02 1.974930756829967302e-10
5.520000000000000000e+02 1.970530062831768017e-10
5.530000000000000000e+02 1.966144656673588419e-10
5.540000000000000000e+02 1.961774846309912943e-10
5.550000000000000000e+02 1.957420912103384453e-10
5.560000000000000000e+02 1.953083106195421640e-10
5.570000000000000000e+02 1.948761651867256637e-10
5.580000000000000000e+02 1.944456742897647630e-10
5.590000000000000000e+02 1.940168542915827677e-10
5.600000000000000000e+02 1.935897184744759491e-10
5.610000000000000000e+02 1.931642769742998235e-10
5.620000000000000000e+02 1.927405367138296725e-10
5.630000000000000000e+02 1.923185013354856335e-10
5.640000000000000000e+02 1.918981711337708362e-10
5.650000000000000000e+02 1.914795429866732111e-10
5.660000000000000000e+02 1.910626102869260308e-10
5.670000000000000000e+02 1.906473628724277002e-10
5.680000000000000000e+02 1.902337869560660018e-10
5.690000000000000000e+02 1.898218650549966612e-10
5.700000000000000000e+02 1.894115759194255518e-10
5.710000000000000000e+02 1.890028944605364477e-10
5.720000000000000000e+02 1.885957916780706639e-10
5.730000000000000000e+02 1.881902345872527055e-10
5.740000000000000000e+02 1.877861861449035744e-10
5.750000000000000000e+02 1.873836051752018785e-10
5.760000000000000000e+02 1.869824462946808057e-10
5.770000000000000000e+02 1.865826598368202462e-10
5.780000000000000000e+02 1.861841917755023159e-10
5.790000000000000000e+02 1.857869836487392032e-10
5.800000000000000000e+02 1.853909724807347905e-10
5.810000000000000000e+02 1.849960907042170213e-10
5.820000000000000000e+02 1.846022660816228132e-10
5.830000000000000000e+02 1.842094413805459757e-10
5.840000000000000000e+02 1.838176346441744590e-10
5.850000000000000000e+02 1.834268817662230974e-10
5.860000000000000000e+02 1.830372169665507141e-10
5.870000000000000000e+02 1.826486727517504711e-10
5.880000000000000000e+02 1.822612798754501629e-10
5.890000000000000000e+02 1.818750672979376082e-10
5.900000000000000000e+02 1.814900621458171385e-10
5.910000000000000000e+02 1.811062896710435305e-10
5.920000000000000000e+02 1.807237732099327243e-10
5.930000000000000000e+02 1.803425341414373092e-10
5.940000000000000000e+02 1.799625918452867377e-10
5.950000000000000000e+02 1.795839636597729133e-10
5.960000000000000000e+02 1.792066648389573711e-10
5.970000000000000000e+02 1.788307085099659849e-10
5.980000000000000000e+02 1.784561056294804304e-10
5.990000000000000000e+02 1.780828649401484033e-10
6.000000000000000000e+02 1.777109929263517391e-10
6.010000000000000000e+02 1.773404937700067920e-10
6.020000000000000000e+02 1.769713693057201569e-10
6.030000000000000000e+02 1.766036189754648324e-10
6.040000000000000000e+02 1.762372397834603361e-10
6.050000000000000000e+02 1.758722262498300402e-10
6.060000000000000000e+02 1.755085703646900106e-10
6.070000000000000000e+02 1.751462615415852009e-10
6.080000000000000000e+02 1.747852865700329633e-10
6.090000000000000000e+02 1.744256295687932636e-10
6.100000000000000000e+02 1.740672719377257610e-10
6.110000000000000000e+02 1.737101923097336393e-10
6.120000000000000000e+02 1.733543665024512187e-10
6.130000000000000000e+02 1.729997674693807418e-10
6.140000000000000000e+02 1.726463652502958916e-10
6.150000000000000000e+02 1.722941269221512325e-10
6.160000000000000000e+02 1.719430165488461874e-10
6.170000000000000000e+02 1.715929951307224306e-10
6.180000000000000000e+02 1.712440205540370848e-10
6.190000000000000000e+02 1.708960475396944803e-10
6.200000000000000000e+02 1.705490275918332872e-10
6.210000000000000000e+02 1.702029089457254586e-10
6.220000000000000000e+02 1.698576506958232675e-10
6.230000000000000000e+02 1.695132660136986308e-10
6.240000000000000000e+02 1.691697808455112174e-10
6.250000000000000000e+02 1.688272198863765045e-10
6.260000000000000000e+02 1.684856065531761440e-10
6.270000000000000000e+02 1.681449629570839079e-10
6.280000000000000000e+02 1.678053098759905112e-10
6.290000000000000000e+02 1.674666667267670051e-10
6.300000000000000000e+02 1.671290515369935792e-10
6.310000000000000000e+02 1.667924809169596525e-10
6.320000000000000000e+02 1.664569700308145798e-10
6.330000000000000000e+02 1.661225325681160249e-10
6.340000000000000000e+02 1.657891807146496390e-10
6.350000000000000000e+02 1.654569251232701435e-10
6.360000000000000000e+02 1.651257748845781900e-10
6.370000000000000000e+02 1.647957374971770399e-10
6.380000000000000000e+02 1.644668188378255871e-10
6.390000000000000000e+02 1.641390231312324623e-10
6.400000000000000000e+02 1.638123529198093977e-10
6.410000000000000000e+02 1.634868090329358072e-10
6.420000000000000000e+02 1.631623905563753336e-10
6.430000000000000000e+02 1.628390948010083438e-10
6.440000000000000000e+02 1.625169172715856470e-10
6.450000000000000000e+02 1.621958516353132086e-10
6.460000000000000000e+02 1.618758896900054899e-10
6.470000000000000000e+02 1.615570213320001461e-10
6.480000000000000000e+02 1.612392345240975140e-10
6.490000000000000000e+02 1.609225152630661398e-10
6.500000000000000000e+02 1.606068475467756623e-10
6.510000000000000000e+02 1.602922133413536583e-10
6.520000000000000000e+02 1.599785925480369226e-10
6.530000000000000000e+02 1.596659629695140571e-10
6.540000000000000000e+02 1.593543002766273157e-10
6.550000000000000000e+02 1.590435779741637487e-10
6.560000000000000000e+02 1.587337673666680603e-10
6.570000000000000000e+02 1.584248375242150644e-10
6.580000000000000000e+02 1.581167552475994945e-10
6.590000000000000000e+02 1.578094850336188454e-10
6.600000000000000000e+02 1.575029890397709074e-10
6.610000000000000000e+02 1.571972374242820925e-10
6.620000000000000000e+02 1.568922399398400728e-10
6.630000000000000000e+02 1.565880156594769264e-10
6.640000000000000000e+02 1.562845827069957649e-10
6.650000000000000000e+02 1.559819582380192244e-10
6.660000000000000000e+02 1.556801584207537935e-10
6.670000000000000000e+02 1.553791984163977571e-10
6.680000000000000000e+02 1.550790923596789279e-10
6.690000000000000000e+02 1.547798533392453743e-10
6.700000000000000000e+02 1.544814933776976939e-10
6.710000000000000000e+02 1.541840234116116710e-10
6.720000000000000000e+02 1.538874532715540581e-10
6.730000000000000000e+02 1.535917916615233125e-10
6.740000000000000000e+02 1.532970461386647232e-10
6.750000000000000000e+02 1.530032230926221735e-10
6.760000000000000000e+02 1.527103277248815285e-10
6.770000000000000000e+02 1.524183640276759005e-10
6.780000000000000000e+02 1.521273347632410195e-10
6.790000000000000000e+02 1.518372414421988320e-10
6.800000000000000000e+02 1.515480843026529672e-10
6.810000000000000000e+02 1.512598622882639786e-10
6.820000000000000000e+02 1.509725730268945390e-10
6.830000000000000000e+02 1.506862128085924775e-10
6.840000000000000000e+02 1.504007765637096815e-10
6.850000000000000000e+02 1.501162578408673742e-10
6.860000000000000000e+02 1.498326487843234978e-10
6.870000000000000000e+02 1.495499401119942910e-10
6.880000000000000000e+02 1.492681210925084802e-10
6.890000000000000000e+02 1.489871795225461495e-10
6.900000000000000000e+02 1.487071017040972454e-10
6.910000000000000000e+02 1.484278724211141449e-10
6.920000000000000000e+02 1.481494749164525747e-10
6.930000000000000000e+02 1.478718908685067574e-10
6.940000000000000000e+02 1.475951003674572300e-10
6.950000000000000000e+02 1.473190818918880771e-10
6.960000000000000000e+02 1.470438122847157676e-10
6.970000000000000000e+02 1.467692667289542368e-10
6.980000000000000000e+02 1.464954187241583073e-10
6.990000000000000000e+02 1.462222400613327161e-10
7.000000000000000000e+02 1.459497085296904918e-10
7.010000000000000000e+02 1.456778314383237074e-10
7.020000000000000000e+02 1.454066230229512772e-10
7.030000000000000000e+02 1.451360967901326122e-10
7.040000000000000000e+02 1.448662655027843859e-10
7.050000000000000000e+02 1.445971411672257739e-10
7.060000000000000000e+02 1.443287350187282293e-10
7.070000000000000000e+02 1.440610575075846495e-10
7.080000000000000000e+02 1.437941182852375058e-10
7.090000000000000000e+02 1.435279261899944937e-10
7.100000000000000000e+02 1.432624892325626956e-10
7.110000000000000000e+02 1.429978145821153947e-10
7.120000000000000000e+02 1.427339085511489575e-10
7.130000000000000000e+02 1.424707765815072814e-10
7.140000000000000000e+02 1.422084232293528274e-10
7.150000000000000000e+02 1.419468521504318452e-10
7.160000000000000000e+02 1.416860660852392508e-10
7.170000000000000000e+02 1.414260668440006973e-10
7.180000000000000000e+02 1.411668552913898958e-10
7.190000000000000000e+02 1.409084313316277067e-10
7.200000000000000000e+02 1.406507938931570673e-10
7.210000000000000000e+02 1.403939409128051723e-10
7.220000000000000000e+02 1.401378693208190000e-10
7.230000000000000000e+02 1.398825750248188881e-10
7.240000000000000000e+02 1.396280528944656292e-10
7.250000000000000000e+02 1.393742967452850314e-10
7.260000000000000000e+02 1.391212993228793413e-10
7.270000000000000000e+02 1.388690522869528608e-10
7.280000000000000000e+02 1.386175461949828852e-10
7.290000000000000000e+02 1.383667704863673296e-10
7.300000000000000000e+02 1.381167134653826625e-10
7.310000000000000000e+02 1.378673622855377588e-10
7.320000000000000000e+02 1.376187029323170512e-10
7.330000000000000000e+02 1.373707202070735399e-10
7.340000000000000000e+02 1.371233977096372170e-10
7.350000000000000000e+02 1.368767178219959041e-10
7.360000000000000000e+02 1.366306616910261000e-10
7.370000000000000000e+02 1.363852092113664639e-10
7.380000000000000000e+02 1.361403390084413552e-10
7.390000000000000000e+02 1.358960342706055866e-10
7.400000000000000000e+02 1.356523005365137925e-10
7.410000000000000000e+02 1.354091485737335328e-10
7.420000000000000000e+02 1.351665885825519549e-10
7.430000000000000000e+02 1.349246301859029312e-10
7.440000000000000000e+02 1.346832824188772198e-10
7.450000000000000000e+02 1.344425537191165452e-10
7.460000000000000000e+02 1.342024519164476555e-10
7.470000000000000000e+02 1.339629842226200091e-10
7.480000000000000000e+02 1.337241572210626425e-10
7.490000000000000000e+02 1.334859768563964246e-10
7.500000000000000000e+02 1.332484484240525782e-10
7.510000000000000000e+02 1.330115765597347092e-10
7.520000000000000000e+02 1.327753652288101377e-10
7.530000000000000000e+02 1.325398177157212623e-10
7.540000000000000000e+02 1.323049366131491582e-10
7.550000000000000000e+02 1.320707238112843465e-10
7.560000000000000000e+02 1.318371804869391846e-10
7.570000000000000000e+02 1.316043070926791008e-10
7.580000000000000000e+02 1.313721033455234362e-10
7.590000000000000000e+02 1.311405682163859154e-10
7.600000000000000000e+02 1.309096999183625451e-10
7.610000000000000000e+02 1.306794958958504141e-10
7.620000000000000000e+02 1.304499528131435876e-10
7.630000000000000000e+02 1.302210665429563897e-10
7.640000000000000000e+02 1.299928321554235292e-10
7.650000000000000000e+02 1.297652439059308777e-10
7.660000000000000000e+02 1.295382952241558427e-10
7.670000000000000000e+02 1.293119787017501839e-10
7.680000000000000000e+02 1.290862860814235803e-10
7.690000000000000000e+02 1.288612082443870038e-10
7.700000000000000000e+02 1.286367351990161045e-10
7.710000000000000000e+02 1.284128560685158805e-10
7.720000000000000000e+02 1.281895590791616333e-10
7.730000000000000000e+02 1.279668315480949513e-10
7.740000000000000000e+02 1.277446598712328375e-10
7.750000000000000000e+02 1.275230295108210704e-10
7.760000000000000000e+02 1.273019249835728737e-10
7.770000000000000000e+02 1.270813298476017635e-10
7.780000000000000000e+02 1.268612311803290005e-10
7.790000000000000000e+02 1.266416332196457343e-10
7.800000000000000000e+02 1.264225442082322855e-10
7.810000000000000000e+02 1.262039719425101265e-10
7.820000000000000000e+02 1.259859237651218537e-10
7.830000000000000000e+02 1.257684065576516098e-10
7.840000000000000000e+02 1.255514267332022495e-10
7.850000000000000000e+02 1.253349902287320283e-10
7.860000000000000000e+02 1.251191024974381559e-10
7.870000000000000000e+02 1.249037685014807346e-10
7.880000000000000000e+02 1.246889927039802781e-10
7.890000000000000000e+02 1.244747790613534694e-10
7.900000000000000000e+02 1.242611310156984463e-10
7.910000000000000000e+02 1.240480514870362869e-10
7.920000000000000000e+02 1.238355428652076635e-10
7.930000000000000000e+02 1.236236070020141364e-10
7.940000000000000000e+02 1.234122452035089331e-10
7.950000000000000000e+02 1.232014582218453425e-10
7.960000000000000000e+02 1.229912462470731511e-10
7.970000000000000000e+02 1.227816088993828422e-10
7.980000000000000000e+02 1.225725452205047270e-10
7.990000000000000000e+02 1.223640536660555598e-10
8.000000000000000000e+02 1.221561320967361986e-10
8.010000000000000000e+02 1.219487777703796333e-10
8.020000000000000000e+02 1.217419873335493903e-10
8.030000000000000000e+02 1.215357568131886009e-10
8.040000000000000000e+02 1.213300816078129580e-10
8.050000000000000000e+02 1.211249564795650257e-10
8.060000000000000000e+02 1.209203755451028190e-10
8.070000000000000000e+02 1.207163322676582754e-10
8.080000000000000000e+02 1.205128194477202546e-10
8.090000000000000000e+02 1.203098292146858818e-10
8.100000000000000000e+02 1.201073530179505977e-10
8.110000000000000000e+02 1.199053816184616622e-10
8.120000000000000000e+02 1.197039050791892148e-10
8.130000000000000000e+02 1.195029127570949193e-10
8.140000000000000000e+02 1.193023932933953501e-10
8.150000000000000000e+02 1.191023346049107690e-10
8.160000000000000000e+02 1.189027238749492325e-10
8.170000000000000000e+02 1.187035510333719321e-10
8.180000000000000000e+02 1.185048193515987813e-10
8.190000000000000000e+02 1.183065352070116156e-10
8.200000000000000000e+02 1.181087046226756072e-10
8.210000000000000000e+02 1.179113332614455516e-10
8.220000000000000000e+02 1.177144264206698178e-10
8.230000000000000000e+02 1.175179890264384445e-10
8.240000000000000000e+02 1.173220256283286303e-10
8.250000000000000000e+02 1.171265403930511595e-10
8.260000000000000000e+02 1.169315370993400285e-10
8.270000000000000000e+02 1.167370191320634629e-10
8.280000000000000000e+02 1.165429894765136307e-10
8.290000000000000000e+02 1.163494507121227717e-10
8.300000000000000000e+02 1.161564050075454012e-10
8.310000000000000000e+02 1.159638541139821227e-10
8.320000000000000000e+02 1.157717993595455976e-10
8.330000000000000000e+02 1.155802416433768606e-10
8.340000000000000000e+02 1.153891814299468859e-10
8.350000000000000000e+02 1.151986187422302531e-10
8.360000000000000000e+02 1.150085531564806359e-10
8.370000000000000000e+02 1.148189837958815571e-10
8.380000000000000000e+02 1.146299093242681013e-10
8.390000000000000000e+02 1.144413279401428960e-10
8.400000000000000000e+02 1.142532373705486552e-10
8.410000000000000000e+02 1.140656348644606863e-10
8.420000000000000000e+02 1.138785171873648248e-10
8.430000000000000000e+02 1.136918806139117856e-10
8.440000000000000000e+02 1.135057209223131316e-10
8.450000000000000000e+02 1.133200333879255825e-10
8.460000000000000000e+02 1.131348127764611546e-10
8.470000000000000000e+02 1.129500533378326402e-10
8.480000000000000000e+02 1.127657487998877526e-10
8.490000000000000000e+02 1.125818923613506652e-10
8.500000000000000000e+02 1.123984766857647617e-10
8.510000000000000000e+02 1.122154938946999577e-10
8.520000000000000000e+02 1.120329355611943997e-10
8.530000000000000000e+02 1.118507927030690749e-10
8.540000000000000000e+02 1.116690557762628164e-10
8.550000000000000000e+02 1.114877146681077898e-10
8.560000000000000000e+02 1.113067614330756951e-10
8.570000000000000000e+02 1.111261986162652833e-10
8.580000000000000000e+02 1.109460311997660228e-10
8.590000000000000000e+02 1.107662638815200363e-10
8.600000000000000000e+02 1.105869010711078744e-10
8.610000000000000000e+02 1.104079468855328281e-10
8.620000000000000000e+02 1.102294051449807239e-10
8.630000000000000000e+02 1.100512793686018323e-10
8.640000000000000000e+02 1.098735727701165610e-10
8.650000000000000000e+02 1.096962882536060885e-10
8.660000000000000000e+02 1.095194284091037106e-10
8.670000000000000000e+02 1.093429955082776944e-10
8.680000000000000000e+02 1.091669914999956908e-10
8.690000000000000000e+02 1.089914180059228532e-10
8.700000000000000000e+02 1.088162763161306080e-10
8.710000000000000000e+02 1.086415673845620883e-10
8.720000000000000000e+02 1.084672918245787238e-10
8.730000000000000000e+02 1.082934499044464830e-10
8.740000000000000000e+02 1.081200415427727973e-10
8.750000000000000000e+02 1.079470663039780690e-10
8.760000000000000000e+02 1.077745233936577997e-10
8.770000000000000000e+02 1.076024116540156354e-10
8.780000000000000000e+02 1.074307295591865260e-10
8.790000000000000000e+02 1.072594752105948982e-10
8.800000000000000000e+02 1.070886463322142250e-10
8.810000000000000000e+02 1.069182402659104778e-10
8.820000000000000000e+02 1.067482539666627019e-10
8.830000000000000000e+02 1.065786839978064316e-10
8.840000000000000000e+02 1.064095265262146772e-10
8.850000000000000000e+02 1.062407773174895895e-10
8.860000000000000000e+02 1.060724317311655482e-10
8.870000000000000000e+02 1.059044847157136639e-10
8.880000000000000000e+02 1.057369308037914602e-10
8.890000000000000000e+02 1.055697641071825190e-10
8.900000000000000000e+02 1.054029783119451952e-10
8.910000000000000000e+02 1.052365666733860085e-10
8.920000000000000000e+02 1.050705220110444861e-10
8.930000000000000000e+02 1.049048367037135608e-10
8.940000000000000000e+02 1.047395026843340576e-10
8.950000000000000000e+02 1.045745136129281239e-10
8.960000000000000000e+02 1.044098714834588286e-10
8.970000000000000000e+02 1.042455802220108527e-10
8.980000000000000000e+02 1.040816435249777521e-10
8.990000000000000000e+02 1.039180648557853278e-10
9.000000000000000000e+02 1.037548474417862860e-10
9.010000000000000000e+02 1.035919942708715508e-10
9.020000000000000000e+02 1.034295080882784199e-10
9.030000000000000000e+02 1.032673913932925692e-10
9.040000000000000000e+02 1.031056464359315761e-10
9.050000000000000000e+02 1.029442752135971122e-10
9.060000000000000000e+02 1.027832794677866037e-10
9.070000000000000000e+02 1.026226606806834243e-10
9.080000000000000000e+02 1.024624200717933596e-10
9.090000000000000000e+02 1.023025585945627175e-10
9.100000000000000000e+02 1.021430769329395708e-10
9.110000000000000000e+02 1.019839754979551098e-10
9.120000000000000000e+02 1.018252544242609483e-10
9.130000000000000000e+02 1.016669135666476365e-10
9.140000000000000000e+02 1.015089524965973212e-10
9.150000000000000000e+02 1.013513704987391607e-10
9.160000000000000000e+02 1.011941665673123130e-10
9.170000000000000000e+02 1.010373394026497856e-10
9.180000000000000000e+02 1.008808874076042262e-10
9.190000000000000000e+02 1.007248086839813398e-10
9.200000000000000000e+02 1.005691010289019873e-10
9.210000000000000000e+02 1.004137619311978494e-10
9.220000000000000000e+02 1.002587885678021788e-10
9.230000000000000000e+02 1.001041778000283277e-10
9.240000000000000000e+02 9.994992616996259428e-11
9.250000000000000000e+02 9.979602989674511493e-11
9.260000000000000000e+02 9.964248487280443498e-11
9.270000000000000000e+02 9.948928666019384807e-11
9.280000000000000000e+02 9.933643048682875840e-11
9.290000000000000000e+02 9.918391124267725550e-11
9.300000000000000000e+02 9.903172347598570203e-11
9.310000000000000000e+02 9.887986138948536099e-11
9.320000000000000000e+02 9.872831883653898784e-11
9.330000000000000000e+02 9.857708931730904549e-11
9.340000000000000000e+02 9.842616772088378765e-11
9.350000000000000000e+02 9.827555561918891204e-11
9.360000000000000000e+02 9.812525613064591687e-11
9.370000000000000000e+02 9.797527218648337611e-11
9.380000000000000000e+02 9.782560652839115863e-11
9.390000000000000000e+02 9.767626170589989422e-11
9.400000000000000000e+02 9.752724007392640559e-11
9.410000000000000000e+02 9.737854379018094947e-11
9.420000000000000000e+02 9.723017481268634691e-11
9.430000000000000000e+02 9.708213489718628420e-11
9.440000000000000000e+02 9.693442559456815418e-11
9.450000000000000000e+02 9.678704824825799302e-11
9.460000000000000000e+02 9.664000399168642537e-11
9.470000000000000000e+02 9.649329374558674348e-11
9.480000000000000000e+02 9.634691821543350372e-11
9.490000000000000000e+02 9.620087788879809471e-11
9.500000000000000000e+02 9.605517303261933861e-11
9.510000000000000000e+02 9.590980369065848904e-11
9.520000000000000000e+02 9.576476968068613193e-11
9.530000000000000000e+02 9.562007059191032593e-11
9.540000000000000000e+02 9.547570578216378769e-11
9.550000000000000000e+02 9.533167437521943222e-11
9.560000000000000000e+02 9.518797525810710243e-11
9.570000000000000000e+02 9.504460707827299211e-11
9.580000000000000000e+02 9.490156824083962306e-11
9.590000000000000000e+02 9.475885690589565248e-11
9.600000000000000000e+02 9.461647098562790851e-11
9.610000000000000000e+02 9.447440814151085021e-11
9.620000000000000000e+02 9.433266578155515811e-11
9.630000000000000000e+02 9.419124105741150338e-11
9.640000000000000000e+02 9.405013086154787163e-11
9.650000000000000000e+02 9.390933182438322691e-11
9.660000000000000000e+02 9.376884031140759199e-11
9.670000000000000000e+02 9.362865242030225782e-11
9.680000000000000000e+02 9.348876397803179128e-11
9.690000000000000000e+02 9.334917053790652299e-11
9.700000000000000000e+02 9.320986737667560200e-11
9.710000000000000000e+02 9.307084949156113965e-11
9.720000000000000000e+02 9.293211159733779678e-11
9.730000000000000000e+02 9.279364953505236031e-11
9.740000000000000000e+02 9.265546455080482138e-11
9.750000000000000000e+02 9.251755913933799304e-11
9.760000000000000000e+02 9.237993564183602641e-11
9.770000000000000000e+02 9.224259624401376562e-11
9.780000000000000000e+02 9.210554297415148298e-11
9.790000000000000000e+02 9.196877770111944246e-11
9.800000000000000000e+02 9.183230213239271791e-11
9.810000000000000000e+02 9.169611781207070296e-11
9.820000000000000000e+02 9.156022611887180547e-11
9.830000000000000000e+02 9.142462826408750679e-11
9.840000000000000000e+02 9.128932528963269703e-11
9.850000000000000000e+02 9.115431806594900486e-11
9.860000000000000000e+02 9.101960729002004228e-11
9.870000000000000000e+02 9.088519348323906219e-11
9.880000000000000000e+02 9.075107698943428447e-11
9.890000000000000000e+02 9.061725797274684159e-11
9.900000000000000000e+02 9.048373641555932454e-11
9.910000000000000000e+02 9.035051211639897045e-11
9.920000000000000000e+02 9.021758468784600712e-11
9.930000000000000000e+02 9.008495355441632920e-11
9.940000000000000000e+02 8.995261795043373111e-11
9.950000000000000000e+02 8.982057691790754259e-11
9.960000000000000000e+02 8.968882930433754978e-11
9.970000000000000000e+02 8.955737376066434511e-11
9.980000000000000000e+02 8.942620873900669107e-11
9.990000000000000000e+02 8.929533249051329332e-11
1.000000000000000000e+03 8.916474306320432464e-11
1.001000000000000000e+03 8.903443829975516247e-11
1.002000000000000000e+03 8.890441583528599431e-11
1.003000000000000000e+03 8.877467309515602426e-11
1.004000000000000000e+03 8.864520729271606213e-11
1.005000000000000000e+03 8.851601542709768933e-11
1.006000000000000000e+03 8.838709428096075559e-11
1.007000000000000000e+03 8.825844041819799158e-11
1.008000000000000000e+03 8.813005018172474350e-11
1.009000000000000000e+03 8.800191969114667271e-11
1.010000000000000000e+03 8.787404484049642159e-11
1.011000000000000000e+03 8.774642129594393882e-11
1.012000000000000000e+03 8.761904564396698431e-11
1.013000000000000000e+03 8.749191887726177999e-11
1.014000000000000000e+03 8.736504300467484275e-11
1.015000000000000000e+03 8.723841990830145186e-11
1.016000000000000000e+03 8.711205134185428091e-11
1.017000000000000000e+03 8.698593892916970338e-11
1.018000000000000000e+03 8.686008416260948589e-11
1.019000000000000000e+03 8.673448840155225633e-11
1.020000000000000000e+03 8.660915287078002341e-11
1.021000000000000000e+03 8.648407865892197858e-11
1.022000000000000000e+03 8.635926671682528618e-11
1.023000000000000000e+03 8.623471785604952431e-11
1.024000000000000000e+03 8.611043274717289036e-11
1.025000000000000000e+03 8.598641191822205706e-11
1.026000000000000000e+03 8.586265575309462278e-11
1.027000000000000000e+03 8.573916448982506952e-11
1.028000000000000000e+03 8.561593821910776732e-11
1.029000000000000000e+03 8.549297688249755912e-11
1.030000000000000000e+03 8.537028027088431053e-11
1.031000000000000000e+03 8.524784802279421685e-11
1.032000000000000000e+03 8.512567962268250227e-11
1.033000000000000000e+03 8.500377439933557840e-11
1.034000000000000000e+03 8.488213152418188969e-11
1.035000000000000000e+03 8.476075000952780869e-11
1.036000000000000000e+03 8.463962870697009542e-11
1.037000000000000000e+03 8.451876630561592106e-11
1.038000000000000000e+03 8.439816133041275153e-11
1.039000000000000000e+03 8.427781214041979848e-11
1.040000000000000000e+03 8.415771692708854343e-11
1.041000000000000000e+03 8.403787371250120499e-11
1.042000000000000000e+03 8.391828034768661205e-11
1.043000000000000000e+03 8.379893451077449239e-11
1.044000000000000000e+03 8.367983370536384602e-11
1.045000000000000000e+03 8.356097525866129766e-11
1.046000000000000000e+03 8.344235631973106689e-11
1.047000000000000000e+03 8.332397385775412781e-11
1.048000000000000000e+03 8.320582466015922027e-11
1.049000000000000000e+03 8.308790533091784968e-11
1.050000000000000000e+03 8.297021228867621593e-11
1.051000000000000000e+03 8.285274270948167427e-11
1.052000000000000000e+03 8.273549738745992447e-11
1.053000000000000000e+03 8.261847794996468003e-11
1.054000000000000000e+03 8.250168591891586939e-11
1.055000000000000000e+03 8.238512270966864740e-11
1.056000000000000000e+03 8.226878962968509834e-11
1.057000000000000000e+03 8.215268787737443829e-11
1.058000000000000000e+03 8.203681854084043094e-11
1.059000000000000000e+03 8.192118259657007377e-11
1.060000000000000000e+03 8.180578090823923965e-11
1.061000000000000000e+03 8.169061422544254105e-11
1.062000000000000000e+03 8.157568318239942565e-11
1.063000000000000000e+03 8.146098829672516697e-11
1.064000000000000000e+03 8.134652996810763378e-11
1.065000000000000000e+03 8.123230847704878659e-11
1.066000000000000000e+03 8.111832398356499592e-11
1.067000000000000000e+03 8.100457652589921254e-11
1.068000000000000000e+03 8.089106601920945974e-11
1.069000000000000000e+03 8.077779225428709107e-11
1.070000000000000000e+03 8.066475489617954757e-11
1.071000000000000000e+03 8.055195348298675827e-11
1.072000000000000000e+03 8.043938742438180522e-11
1.073000000000000000e+03 8.032705600039560129e-11
1.074000000000000000e+03 8.021495836005158981e-11
1.075000000000000000e+03 8.010309352001258047e-11
1.076000000000000000e+03 7.999146036322122630e-11
1.077000000000000000e+03 7.988005763757105460e-11
1.078000000000000000e+03 7.976888395449855384e-11
1.079000000000000000e+03 7.965793778769701124e-11
1.080000000000000000e+03 7.954721747164166261e-11
1.081000000000000000e+03 7.943672120030992767e-11
1.082000000000000000e+03 7.932644702571247939e-11
1.083000000000000000e+03 7.921639285656494711e-11
1.084000000000000000e+03 7.910655645682490537e-11
1.085000000000000000e+03 7.899693544435162166e-11
1.086000000000000000e+03 7.888752728948618793e-11
1.087000000000000000e+03 7.877832931355110546e-11
1.088000000000000000e+03 7.866933868758493116e-11
1.089000000000000000e+03 7.856055243077391727e-11
1.090000000000000000e+03 7.845196818972737641e-11
1.091000000000000000e+03 7.834358660208116729e-11
1.092000000000000000e+03 7.823540899332313903e-11
1.093000000000000000e+03 7.812743660082551920e-11
1.094000000000000000e+03 7.801967057290391830e-11
1.095000000000000000e+03 7.791211196779670527e-11
1.096000000000000000e+03 7.780476175269632724e-11
1.097000000000000000e+03 7.769762080273854654e-11
1.098000000000000000e+03 7.759068990002492002e-11
1.099000000000000000e+03 7.748396973256514520e-11
1.100000000000000000e+03 7.737746089332841341e-11
1.101000000000000000e+03 7.727116387917659234e-11
1.102000000000000000e+03 7.716507908990695834e-11
1.103000000000000000e+03 7.705920682715704809e-11
1.104000000000000000e+03 7.695354729343848577e-11
1.105000000000000000e+03 7.684810059105161872e-11
1.106000000000000000e+03 7.674286672109129802e-11
1.107000000000000000e+03 7.663784558239077568e-11
1.108000000000000000e+03 7.653303697044134209e-11
1.109000000000000000e+03 7.642844057642352952e-11
1.110000000000000000e+03 7.632405598607914799e-11
1.111000000000000000e+03 7.621988267865580275e-11
1.112000000000000000e+03 7.611592002588585619e-11
1.113000000000000000e+03 7.601216729086359473e-11
1.114000000000000000e+03 7.590862362703453048e-11
1.115000000000000000e+03 7.580528807706336579e-11
1.116000000000000000e+03 7.570215957175546601e-11
1.117000000000000000e+03 7.559923692901304809e-11
1.118000000000000000e+03 7.549651885270863809e-11
1.119000000000000000e+03 7.539400393155330719e-11
1.120000000000000000e+03 7.529169063809816125e-11
1.121000000000000000e+03 7.518957732749508214e-11
1.122000000000000000e+03 7.508766223652838351e-11
1.123000000000000000e+03 7.498594348236583277e-11
1.124000000000000000e+03 7.488441906152205156e-11
1.125000000000000000e+03 7.478308684871857038e-11
1.126000000000000000e+03 7.468194459571900325e-11
1.127000000000000000e+03 7.458098993025918002e-11
1.128000000000000000e+03 7.448022035483309078e-11
1.129000000000000000e+03 7.437963389492138693e-11
1.130000000000000000e+03 7.427923106408751403e-11
1.131000000000000000e+03 7.417901294734672435e-11
1.132000000000000000e+03 7.407898055576597775e-11
1.133000000000000000e+03 7.397913482545270043e-11
1.134000000000000000e+03 7.387947661702307591e-11
1.135000000000000000e+03 7.378000671456328702e-11
1.136000000000000000e+03 7.368072582497009793e-11
1.137000000000000000e+03 7.358163457710684556e-11
1.138000000000000000e+03 7.348273352097575487e-11
1.139000000000000000e+03 7.338402312692721889e-11
1.140000000000000000e+03 7.328550378478448647e-11
1.141000000000000000e+03 7.318717580314802925e-11
1.142000000000000000e+03 7.308903940839050432e-11
1.143000000000000000e+03 7.299109474399521649e-11
1.144000000000000000e+03 7.289334186964609039e-11
1.145000000000000000e+03 7.279578076037496359e-11
1.146000000000000000e+03 7.269841130574655514e-11
1.147000000000000000e+03 7.260123330904024188e-11
1.148000000000000000e+03 7.250424648636609952e-11
1.149000000000000000e+03 7.240745046581872281e-11
1.150000000000000000e+03 7.231084478664831297e-11
1.151000000000000000e+03 7.221442889836579753e-11
1.152000000000000000e+03 7.211820215994849137e-11
1.153000000000000000e+03 7.202216383887555242e-11
1.154000000000000000e+03 7.192631311036822923e-11
1.155000000000000000e+03 7.183064905639684349e-11
1.156000000000000000e+03 7.173517066495605065e-11
1.157000000000000000e+03 7.163987682904363372e-11
1.158000000000000000e+03 7.154476634588680503e-11
1.159000000000000000e+03 7.144983791593401529e-11
1.160000000000000000e+03 7.135509014213789135e-11
1.161000000000000000e+03 7.126052152887615325e-11
1.162000000000000000e+03 7.116613048118534772e-11
1.163000000000000000e+03 7.107191530382207573e-11
1.164000000000000000e+03 7.097787420032048479e-11
1.165000000000000000e+03 7.088400527217323091e-11
1.166000000000000000e+03 7.079030651779652057e-11
1.167000000000000000e+03 7.069677583172531564e-11
1.168000000000000000e+03 7.060341154681459899e-11
1.169000000000000000e+03 7.051021407777840177e-11
1.170000000000000000e+03 7.041718431689740716e-11
1.171000000000000000e+03 7.032432309393449172e-11
1.172000000000000000e+03 7.023163117542398335e-11
1.173000000000000000e+03 7.013910926415250207e-11
1.174000000000000000e+03 7.004675799833463578e-11
1.175000000000000000e+03 6.995457795110997562e-11
1.176000000000000000e+03 6.986256962979975210e-11
1.177000000000000000e+03 6.977073347529036574e-11
1.178000000000000000e+03 6.967906986137116443e-11
1.179000000000000000e+03 6.958757909400374564e-11
1.180000000000000000e+03 6.949626141078494822e-11
1.181000000000000000e+03 6.940511698012329064e-11
1.182000000000000000e+03 6.931414590069671540e-11
1.183000000000000000e+03 6.922334820068876523e-11
1.184000000000000000e+03 6.913272383715324379e-11
1.185000000000000000e+03 6.904227269535484928e-11
1.186000000000000000e+03 6.895199458799616128e-11
1.187000000000000000e+03 6.886188925461850347e-11
1.188000000000000000e+03 6.877195636091201037e-11
1.189000000000000000e+03 6.868219549795626262e-11
1.190000000000000000e+03 6.859260618159089302e-11
1.191000000000000000e+03 6.850318785165056077e-11
1.192000000000000000e+03 6.841393987135239838e-11
1.193000000000000000e+03 6.832486152650277130e-11
1.194000000000000000e+03 6.823595202487968422e-11
1.195000000000000000e+03 6.814721049543332392e-11
1.196000000000000000e+03 6.805863598764075499e-11
1.197000000000000000e+03 6.797022747074532727e-11
1.198000000000000000e+03 6.788198383310598196e-11
1.199000000000000000e+03 6.779390388140859953e-11
1.200000000000000000e+03 6.770598633996446011e-11
1.201000000000000000e+03 6.761822984996050764e-11
1.202000000000000000e+03 6.753063296882045625e-11
1.203000000000000000e+03 6.744319416935876545e-11
1.204000000000000000e+03 6.735591183911338969e-11
1.205000000000000000e+03 6.726878427958443620e-11
1.206000000000000000e+03 6.718180970551606876e-11
1.207000000000000000e+03 6.709498670102312948e-11
1.208000000000000000e+03 6.700831560166150218e-11
1.209000000000000000e+03 6.692179714427941137e-11
1.210000000000000000e+03 6.683543201269318832e-11
1.211000000000000000e+03 6.674922083709820214e-11
1.212000000000000000e+03 6.666316419356943659e-11
1.213000000000000000e+03 6.657726260349063199e-11
1.214000000000000000e+03 6.649151653305070031e-11
1.215000000000000000e+03 6.640592639273799470e-11
1.216000000000000000e+03 6.632049253673986678e-11
1.217000000000000000e+03 6.623521526240931614e-11
1.218000000000000000e+03 6.615009480977611369e-11
1.219000000000000000e+03 6.606513136093953469e-11
1.220000000000000000e+03 6.598032503957525579e-11
1.221000000000000000e+03 6.589567591034684184e-11
1.222000000000000000e+03 6.581118397838519077e-11
1.223000000000000000e+03 6.572684918867184464e-11
1.224000000000000000e+03 6.564267142553745964e-11
1.225000000000000000e+03 6.555865051215849259e-11
1.226000000000000000e+03 6.547478620986322223e-11
1.227000000000000000e+03 6.539107821764726694e-11
1.228000000000000000e+03 6.530752617159276179e-11
1.229000000000000000e+03 6.522412964438036078e-11
1.230000000000000000e+03 6.514088814453785951e-11
1.231000000000000000e+03 6.505780111606628375e-11
1.232000000000000000e+03 6.497486793773146094e-11
1.233000000000000000e+03 6.489208792254323241e-11
1.234000000000000000e+03 6.480946031720912647e-11
1.235000000000000000e+03 6.472698430141823971e-11
1.236000000000000000e+03 6.464465898748183994e-11
1.237000000000000000e+03 6.456248341951664166e-11
1.238000000000000000e+03 6.448045657300938594e-11
1.239000000000000000e+03 6.439857735416338068e-11
1.240000000000000000e+03 6.431684459933860271e-11
1.241000000000000000e+03 6.423525707446596343e-11
1.242000000000000000e+03 6.415381347436224823e-11
1.243000000000000000e+03 6.407251242223630251e-11
1.244000000000000000e+03 6.399135246907209715e-11
1.245000000000000000e+03 6.391033209296111624e-11
1.246000000000000000e+03 6.382945008483400866e-11
1.247000000000000000e+03 6.374870671657714478e-11
1.248000000000000000e+03 6.366810259906338111e-11
1.249000000000000000e+03 6.358763829787174878e-11
1.250000000000000000e+03 6.350731433295367319e-11
1.251000000000000000e+03 6.342713117812627423e-11
1.252000000000000000e+03 6.334708926063726924e-11
1.253000000000000000e+03 6.326718896072798904e-11
1.254000000000000000e+03 6.318743061126906946e-11
1.255000000000000000e+03 6.310781449719693455e-11
1.256000000000000000e+03 6.302834085512102801e-11
1.257000000000000000e+03 6.294900987288015996e-11
1.258000000000000000e+03 6.286982168917174914e-11
1.259000000000000000e+03 6.279077639293093336e-11
1.260000000000000000e+03 6.271187402300573312e-11
1.261000000000000000e+03 6.263311456770672925e-11
1.262000000000000000e+03 6.255449796427995506e-11
1.263000000000000000e+03 6.247602409850265055e-11
1.264000000000000000e+03 6.239769280420251540e-11
1.265000000000000000e+03 6.231950386285040002e-11
1.266000000000000000e+03 6.224145700297537261e-11
1.267000000000000000e+03 6.216355189985450052e-11
1.268000000000000000e+03 6.208578817492427249e-11
1.269000000000000000e+03 6.200816539536628455e-11
1.270000000000000000e+03 6.193068307371709515e-11
1.271000000000000000e+03 6.185334066717208800e-11
1.272000000000000000e+03 6.177613757736906099e-11
1.273000000000000000e+03 6.169907314973913494e-11
1.274000000000000000e+03 6.162214667316037174e-11
1.275000000000000000e+03 6.154535737932997011e-11
1.276000000000000000e+03 6.146870444241460085e-11
1.277000000000000000e+03 6.139218697852083028e-11
1.278000000000000000e+03 6.131580404521467052e-11
1.279000000000000000e+03 6.123955464101350959e-11
1.280000000000000000e+03 6.116343770492784048e-11
1.281000000000000000e+03 6.108745211597525373e-11
1.282000000000000000e+03 6.101159669266724942e-11
1.283000000000000000e+03 6.093587019257132260e-11
1.284000000000000000e+03 6.086027131171647890e-11
1.285000000000000000e+03 6.078479901233308873e-11
1.286000000000000000e+03 6.070945351488861850e-11
1.287000000000000000e+03 6.063423532758140740e-11
1.288000000000000000e+03 6.055914491988746684e-11
1.289000000000000000e+03 6.048418272212827855e-11
1.290000000000000000e+03 6.040934912521922828e-11
1.291000000000000000e+03 6.033464448023440542e-11
1.292000000000000000e+03 6.026006909810062369e-11
1.293000000000000000e+03 6.018562324915914469e-11
1.294000000000000000e+03 6.011130716285684224e-11
1.295000000000000000e+03 6.003712102735764724e-11
1.296000000000000000e+03 5.996306498915217010e-11
1.297000000000000000e+03 5.988913915274522032e-11
1.298000000000000000e+03 5.981534358023655523e-11
1.299000000000000000e+03 5.974167829100573701e-11
1.300000000000000000e+03 5.966814326121029265e-11
1.301000000000000000e+03 5.959473842357402026e-11
1.302000000000000000e+03 5.952146366685546095e-11
1.303000000000000000e+03 5.944831883566067163e-11
1.304000000000000000e+03 5.937530372980192743e-11
1.305000000000000000e+03 5.930241810418790051e-11
1.306000000000000000e+03 5.922966166823240691e-11
1.307000000000000000e+03 5.915703408560906992e-11
1.308000000000000000e+03 5.908453497373656816e-11
1.309000000000000000e+03 5.901216390358481688e-11
1.310000000000000000e+03 5.893992039904970980e-11
1.311000000000000000e+03 5.886780393672961242e-11
1.312000000000000000e+03 5.879581394551250834e-11
1.313000000000000000e+03 5.872394980608025964e-11
1.314000000000000000e+03 5.865221085068193351e-11
1.315000000000000000e+03 5.858059636258092247e-11
1.316000000000000000e+03 5.850910557574440273e-11
1.317000000000000000e+03 5.843773767445015191e-11
1.318000000000000000e+03 5.836649179281026109e-11
1.319000000000000000e+03 5.829536701448399969e-11
1.320000000000000000e+03 5.822436237214385749e-11
1.321000000000000000e+03 5.815347684721325084e-11
1.322000000000000000e+03 5.808270936930183614e-11
1.323000000000000000e+03 5.801205881599570325e-11
1.324000000000000000e+03 5.794152429223586319e-11
1.325000000000000000e+03 5.787110597686089695e-11
1.326000000000000000e+03 5.780080429395717976e-11
1.327000000000000000e+03 5.773061963438058562e-11
1.328000000000000000e+03 5.766055235536117894e-11
1.329000000000000000e+03 5.759060278018921557e-11
1.330000000000000000e+03 5.752077119803890801e-11
1.331000000000000000e+03 5.745105786354165197e-11
1.332000000000000000e+03 5.738146299652417843e-11
1.333000000000000000e+03 5.731198678171832316e-11
1.334000000000000000e+03 5.724262936849744683e-11
1.335000000000000000e+03 5.717339087041630293e-11
1.336000000000000000e+03 5.710427136511290054e-11
1.337000000000000000e+03 5.703527089378984915e-11
1.338000000000000000e+03 5.696638946111470276e-11
1.339000000000000000e+03 5.689762703469827391e-11
1.340000000000000000e+03 5.682898354496523806e-11
1.341000000000000000e+03 5.676045888477068366e-11
1.342000000000000000e+03 5.669205290898670930e-11
1.343000000000000000e+03 5.662376543437045601e-11
1.344000000000000000e+03 5.655559623914870113e-11
1.345000000000000000e+03 5.648754506262898640e-11
1.346000000000000000e+03 5.641961160506509777e-11
1.347000000000000000e+03 5.635179552718098417e-11
1.348000000000000000e+03 5.628409644986334357e-11
1.349000000000000000e+03 5.621651395396781071e-11
1.350000000000000000e+03 5.614904757983853317e-11
1.351000000000000000e+03 5.608169682708341090e-11
1.352000000000000000e+03 5.601446115417679747e-11
1.353000000000000000e+03 5.594733997823293664e-11
1.354000000000000000e+03 5.588033267457753445e-11
1.355000000000000000e+03 5.581343857643260342e-11
1.356000000000000000e+03 5.574665697468710091e-11
1.357000000000000000e+03 5.567998711740681163e-11
1.358000000000000000e+03 5.561342820968934552e-11
1.359000000000000000e+03 5.554697941314246460e-11
1.360000000000000000e+03 5.548063984565021711e-11
1.361000000000000000e+03 5.541440858102225163e-11
1.362000000000000000e+03 5.534828464872959110e-11
1.363000000000000000e+03 5.528226727331001156e-11
1.364000000000000000e+03 5.521635659978804270e-11
1.365000000000000000e+03 5.515055298316394792e-11
1.366000000000000000e+03 5.508485674974966089e-11
1.367000000000000000e+03 5.501926819688919208e-11
1.368000000000000000e+03 5.495378759264841016e-11
1.369000000000000000e+03 5.488841517570964759e-11
1.370000000000000000e+03 5.482315115488306946e-11
1.371000000000000000e+03 5.475799570917664142e-11
1.372000000000000000e+03 5.469294898715753323e-11
1.373000000000000000e+03 5.462801110708014443e-11
1.374000000000000000e+03 5.456318215636327445e-11
1.375000000000000000e+03 5.449846219142100297e-11
1.376000000000000000e+03 5.443385123743372240e-11
1.377000000000000000e+03 5.436934928802916290e-11
1.378000000000000000e+03 5.430495630508136803e-11
1.379000000000000000e+03 5.424067221844946729e-11
1.380000000000000000e+03 5.417649692562573656e-11
1.381000000000000000e+03 5.411243029159184968e-11
1.382000000000000000e+03 5.404847214849494674e-11
1.383000000000000000e+03 5.398462229538261962e-11
1.384000000000000000e+03 5.392088049793681833e-11
1.385000000000000000e+03 5.385724648826717220e-11
1.386000000000000000e+03 5.379371996455286588e-11
1.387000000000000000e+03 5.373030059086443366e-11
1.388000000000000000e+03 5.366698799677310398e-11
1.389000000000000000e+03 5.360378177723145282e-11
1.390000000000000000e+03 5.354068149221116322e-11
1.391000000000000000e+03 5.347768666646098445e-11
1.392000000000000000e+03 5.341479678917238302e-11
1.393000000000000000e+03 5.335201131382692142e-11
1.394000000000000000e+03 5.328932965782993990e-11
1.395000000000000000e+03 5.322675120223414238e-11
1.396000000000000000e+03 5.316427529155418529e-11
1.397000000000000000e+03 5.310190123333575515e-11
1.398000000000000000e+03 5.303962829802965626e-11
1.399000000000000000e+03 5.297745571868137882e-11
1.400000000000000000e+03 5.291538269052740893e-11
1.401000000000000000e+03 5.285340837086687992e-11
1.402000000000000000e+03 5.279153208520667136e-11
1.403000000000000000e+03 5.272975395090531386e-11
1.404000000000000000e+03 5.266807426602764117e-11
1.405000000000000000e+03 5.260649330371464339e-11
1.406000000000000000e+03 5.254501131202203100e-11
1.407000000000000000e+03 5.248362851372732736e-11
1.408000000000000000e+03 5.242234510610548945e-11
1.409000000000000000e+03 5.236116126070330730e-11
1.410000000000000000e+03 5.230007712314448666e-11
1.411000000000000000e+03 5.223909281290275589e-11
1.412000000000000000e+03 5.217820842310535247e-11
1.413000000000000000e+03 5.211742402036752865e-11
1.414000000000000000e+03 5.205673964440652309e-11
1.415000000000000000e+03 5.199615530803107896e-11
1.416000000000000000e+03 5.193567099678541372e-11
1.417000000000000000e+03 5.187528666884353389e-11
1.418000000000000000e+03 5.181500225465101417e-11
1.419000000000000000e+03 5.175481765681819417e-11
1.420000000000000000e+03 5.169473274985471809e-11
1.421000000000000000e+03 5.163474737999866373e-11
1.422000000000000000e+03 5.157486136494953766e-11
1.423000000000000000e+03 5.151507449356860965e-11
1.424000000000000000e+03 5.145538652586453393e-11
1.425000000000000000e+03 5.139579719256516048e-11
1.426000000000000000e+03 5.133630619503833887e-11
1.427000000000000000e+03 5.127691320492522531e-11
1.428000000000000000e+03 5.121761786406011070e-11
1.429000000000000000e+03 5.115841978413376457e-11
1.430000000000000000e+03 5.109931854658046683e-11
1.431000000000000000e+03 5.104031370220728215e-11
1.432000000000000000e+03 5.098140477107961825e-11
1.433000000000000000e+03 5.092259124221310117e-11
1.434000000000000000e+03 5.086387257345805427e-11
1.435000000000000000e+03 5.080524819109286787e-11
1.436000000000000000e+03 5.074671748977160259e-11
1.437000000000000000e+03 5.068827983214792584e-11
1.438000000000000000e+03 5.062993454882184917e-11
1.439000000000000000e+03 5.057168093783179412e-11
1.440000000000000000e+03 5.051351826466494495e-11
1.441000000000000000e+03 5.045544594025443826e-11
1.442000000000000000e+03 5.039746405947450404e-11
1.443000000000000000e+03 5.033957287306832383e-11
1.444000000000000000e+03 5.028177261018344194e-11
1.445000000000000000e+03 5.022406347817038573e-11
1.446000000000000000e+03 5.016644566244632948e-11
1.447000000000000000e+03 5.010891932619387136e-11
1.448000000000000000e+03 5.005148461038781989e-11
1.449000000000000000e+03 4.999414163345989500e-11
1.450000000000000000e+03 4.993689049112698460e-11
1.451000000000000000e+03 4.987973125631801669e-11
1.452000000000000000e+03 4.982266397886909808e-11
1.453000000000000000e+03 4.976568868541625228e-11
1.454000000000000000e+03 4.970880537918841112e-11
1.455000000000000000e+03 4.965201403986609612e-11
1.456000000000000000e+03 4.959531462330661354e-11
1.457000000000000000e+03 4.953870706143473736e-11
1.458000000000000000e+03 4.948219126206646157e-11
1.459000000000000000e+03 4.942576710869892221e-11
1.460000000000000000e+03 4.936943446026575866e-11
1.461000000000000000e+03 4.931319315109297582e-11
1.462000000000000000e+03 4.925704299058634094e-11
1.463000000000000000e+03 4.920098376305173027e-11
1.464000000000000000e+03 4.914501522764995086e-11
1.465000000000000000e+03 4.908913711798059757e-11
1.466000000000000000e+03 4.903334914206918655e-11
1.467000000000000000e+03 4.897765098211812220e-11
1.468000000000000000e+03 4.892204229435823113e-11
1.469000000000000000e+03 4.886652270876434130e-11
1.470000000000000000e+03 4.881109182897330716e-11
1.471000000000000000e+03 4.875574923193015076e-11
1.472000000000000000e+03 4.870049446794102077e-11
1.473000000000000000e+03 4.864532706025002491e-11
1.474000000000000000e+03 4.859024650498929544e-11
1.475000000000000000e+03 4.853525227089014153e-11
1.476000000000000000e+03 4.848034379916409680e-11
1.477000000000000000e+03 4.842552050324673895e-11
1.478000000000000000e+03 4.837078176864351101e-11
1.479000000000000000e+03 4.831612695274072996e-11
1.480000000000000000e+03 4.826155553903464626e-11
1.481000000000000000e+03 4.820706760407239869e-11
1.482000000000000000e+03 4.815266335929403096e-11
1.483000000000000000e+03 4.809834299739750291e-11
1.484000000000000000e+03 4.804410669205129702e-11
1.485000000000000000e+03 4.798995459781349682e-11
1.486000000000000000e+03 4.793588684994652429e-11
1.487000000000000000e+03 4.788190356423139909e-11
1.488000000000000000e+03 4.782800483695500767e-11
1.489000000000000000e+03 4.777419074454967872e-11
1.490000000000000000e+03 4.772046134368402444e-11
1.491000000000000000e+03 4.766681667086630741e-11
1.492000000000000000e+03 4.761325674253495868e-11
1.493000000000000000e+03 4.755978155462509640e-11
1.494000000000000000e+03 4.750639108269372734e-11
1.495000000000000000e+03 4.745308528158983755e-11
1.496000000000000000e+03 4.739986408533376612e-11
1.497000000000000000e+03 4.734672740699629469e-11
1.498000000000000000e+03 4.729367513854225212e-11
1.499000000000000000e+03 4.724070715060299460e-11
1.500000000000000000e+03 4.718782329242459700e-11
1.501000000000000000e+03 4.713502339160403396e-11
1.502000000000000000e+03 4.708230725400111096e-11
1.503000000000000000e+03 4.702967466361512402e-11
1.504000000000000000e+03 4.697712538228344923e-11
1.505000000000000000e+03 4.692465914962765969e-11
1.506000000000000000e+03 4.687227568296444856e-11
1.507000000000000000e+03 4.681997467696661418e-11
1.508000000000000000e+03 4.676775580360816894e-11
1.509000000000000000e+03 4.671561871200231523e-11
1.510000000000000000e+03 4.666356302820313541e-11
1.511000000000000000e+03 4.661158835507830933e-11
1.512000000000000000e+03 4.655969427218147005e-11
1.513000000000000000e+03 4.650788033540851676e-11
1.514000000000000000e+03 4.645614607704834423e-11
1.515000000000000000e+03 4.640449100554606232e-11
1.516000000000000000e+03 4.635291460530138365e-11
1.517000000000000000e+03 4.630141633653836854e-11
1.518000000000000000e+03 4.624999563506651838e-11
1.519000000000000000e+03 4.619865204663030693e-11
1.520000000000000000e+03 4.614738563254522088e-11
1.521000000000000000e+03 4.609619657148353269e-11
1.522000000000000000e+03 4.604508502564757337e-11
1.523000000000000000e+03 4.599405114063543189e-11
1.524000000000000000e+03 4.594309504534290849e-11
1.525000000000000000e+03 4.589221685179205561e-11
1.526000000000000000e+03 4.584141665503224580e-11
1.527000000000000000e+03 4.579069453296769167e-11
1.528000000000000000e+03 4.574005054640442064e-11
1.529000000000000000e+03 4.568948473858387440e-11
1.530000000000000000e+03 4.563899713544913176e-11
1.531000000000000000e+03 4.558858774514031555e-11
1.532000000000000000e+03 4.553825655818750025e-11
1.533000000000000000e+03 4.548800354715168967e-11
1.534000000000000000e+03 4.543782866663336669e-11
1.535000000000000000e+03 4.538773185302267181e-11
1.536000000000000000e+03 4.533771302443342896e-11
1.537000000000000000e+03 4.528777208067460782e-11
1.538000000000000000e+03 4.523790890285028508e-11
1.539000000000000000e+03 4.518812335351544513e-11
1.540000000000000000e+03 4.513841527631202067e-11
1.541000000000000000e+03 4.508878449605028591e-11
1.542000000000000000e+03 4.503923081830592275e-11
1.543000000000000000e+03 4.498975402957577627e-11
1.544000000000000000e+03 4.494035389694833309e-11
1.545000000000000000e+03 4.489103016803498790e-11
1.546000000000000000e+03 4.484178257075109901e-11
1.547000000000000000e+03 4.479261081339688409e-11
1.548000000000000000e+03 4.474351458424997554e-11
1.549000000000000000e+03 4.469449355160800090e-11
1.550000000000000000e+03 4.464554736356786778e-11
1.551000000000000000e+03 4.459667564795509166e-11
1.552000000000000000e+03 4.454787801210196928e-11
1.553000000000000000e+03 4.449915404277611154e-11
1.554000000000000000e+03 4.445050330599545876e-11
1.555000000000000000e+03 4.440192534691826567e-11
1.556000000000000000e+03 4.435341968969501026e-11
1.557000000000000000e+03 4.430498583731984370e-11
1.558000000000000000e+03 4.425662338880313463e-11
1.559000000000000000e+03 4.420833239295613246e-11
1.560000000000000000e+03 4.416011300110742667e-11
1.561000000000000000e+03 4.411196534999799873e-11
1.562000000000000000e+03 4.406388956188861348e-11
1.563000000000000000e+03 4.401588574432304506e-11
1.564000000000000000e+03 4.396795399015911562e-11
1.565000000000000000e+03 4.392009437729237821e-11
1.566000000000000000e+03 4.387230696868667722e-11
1.567000000000000000e+03 4.382459181221238934e-11
1.568000000000000000e+03 4.377694894056123689e-11
1.569000000000000000e+03 4.372937837104486284e-11
1.570000000000000000e+03 4.368188010554733907e-11
1.571000000000000000e+03 4.363445413047788778e-11
1.572000000000000000e+03 4.358710041656823518e-11
1.573000000000000000e+03 4.353981891882460917e-11
1.574000000000000000e+03 4.349260957628518801e-11
1.575000000000000000e+03 4.344547231208796791e-11
1.576000000000000000e+03 4.339840703322764946e-11
1.577000000000000000e+03 4.335141363054536898e-11
1.578000000000000000e+03 4.330449197852341552e-11
1.579000000000000000e+03 4.325764193515723765e-11
1.580000000000000000e+03 4.321086334198387774e-11
1.581000000000000000e+03 4.316415602379692421e-11
1.582000000000000000e+03 4.311751978863513142e-11
1.583000000000000000e+03 4.307095442769270926e-11
1.584000000000000000e+03 4.302445971503230445e-11
1.585000000000000000e+03 4.297803540773070063e-11
1.586000000000000000e+03 4.293168124547255637e-11
1.587000000000000000e+03 4.288539695065633597e-11
1.588000000000000000e+03 4.283918222826367958e-11
1.589000000000000000e+03 4.279303676552987507e-11
1.590000000000000000e+03 4.274696023212907547e-11
1.591000000000000000e+03 4.270095227984406642e-11
1.592000000000000000e+03 4.265501254239354059e-11
1.593000000000000000e+03 4.260914063565740742e-11
1.594000000000000000e+03 4.256333615710568307e-11
1.595000000000000000e+03 4.251759868606327224e-11
1.596000000000000000e+03 4.247192778333681925e-11
1.597000000000000000e+03 4.242632309378200203e-11
1.598000000000000000e+03 4.238078465606709084e-11
1.599000000000000000e+03 4.233531259832706070e-11
1.600000000000000000e+03 4.228990703592641348e-11
1.601000000000000000e+03 4.224456807154846823e-11
1.602000000000000000e+03 4.219929579488245421e-11
1.603000000000000000e+03 4.215409028271254916e-11
1.604000000000000000e+03 4.210895159880566705e-11
1.605000000000000000e+03 4.206387979359654787e-11
1.606000000000000000e+03 4.201887490439782272e-11
1.607000000000000000e+03 4.197393695512500855e-11
1.608000000000000000e+03 4.192906595630437932e-11
1.609000000000000000e+03 4.188426190479642918e-11
1.610000000000000000e+03 4.183952478392512589e-11
1.611000000000000000e+03 4.179485456328232139e-11
1.612000000000000000e+03 4.175025119857172487e-11
1.613000000000000000e+03 4.170571463165689214e-11
1.614000000000000000e+03 4.166124479028225252e-11
1.615000000000000000e+03 4.161684158820251092e-11
1.616000000000000000e+03 4.157250492477981086e-11
1.617000000000000000e+03 4.152823468527709279e-11
1.618000000000000000e+03 4.148403074037204794e-11
1.619000000000000000e+03 4.143989294632731074e-11
1.620000000000000000e+03 4.139582114483218293e-11
1.621000000000000000e+03 4.135181516280238483e-11
1.622000000000000000e+03 4.130787481238968419e-11
1.623000000000000000e+03 4.126399989082634750e-11
1.624000000000000000e+03 4.122019018037261399e-11
1.625000000000000000e+03 4.117644544818525793e-11
1.626000000000000000e+03 4.113276544621896028e-11
1.627000000000000000e+03 4.108914991113568070e-11
1.628000000000000000e+03 4.104559856420544113e-11
1.629000000000000000e+03 4.100211111119852733e-11
1.630000000000000000e+03 4.095868724228156787e-11
1.631000000000000000e+03 4.091532663193408581e-11
1.632000000000000000e+03 4.087202893882727800e-11
1.633000000000000000e+03 4.082879380573170685e-11
1.634000000000000000e+03 4.078562085941639723e-11
1.635000000000000000e+03 4.074250971054331928e-11
1.636000000000000000e+03 4.069946004362510235e-11
1.637000000000000000e+03 4.065647188886176164e-11
1.638000000000000000e+03 4.061354535494042879e-11
1.639000000000000000e+03 4.057068053937007852e-11
1.640000000000000000e+03 4.052787752836965246e-11
1.641000000000000000e+03 4.048513639681490635e-11
1.642000000000000000e+03 4.044245720813863138e-11
1.643000000000000000e+03 4.039984001425592355e-11
1.644000000000000000e+03 4.035728485549778308e-11
1.645000000000000000e+03 4.031479176050629512e-11
1.646000000000000000e+03 4.027236074617193848e-11
1.647000000000000000e+03 4.022999181755383378e-11
1.648000000000000000e+03 4.018768496777827170e-11
1.649000000000000000e+03 4.014544017797973755e-11
1.650000000000000000e+03 4.010325741720751741e-11
1.651000000000000000e+03 4.006113664234493817e-11
1.652000000000000000e+03 4.001907779802827153e-11
1.653000000000000000e+03 3.997708081656979324e-11
1.654000000000000000e+03 3.993514561785910308e-11
1.655000000000000000e+03 3.989327210930278590e-11
1.656000000000000000e+03 3.985146018571666486e-11
1.657000000000000000e+03 3.980970972926513292e-11
1.658000000000000000e+03 3.976802060935700566e-11
1.659000000000000000e+03 3.972639268258021917e-11
1.660000000000000000e+03 3.968482579260146339e-11
1.661000000000000000e+03 3.964331977009603977e-11
1.662000000000000000e+03 3.960187443265146882e-11
1.663000000000000000e+03 3.956048958468801622e-11
1.664000000000000000e+03 3.951916501737492782e-11
1.665000000000000000e+03 3.947790050854185022e-11
1.666000000000000000e+03 3.943669582259443254e-11
1.667000000000000000e+03 3.939555071042534630e-11
1.668000000000000000e+03 3.935446490933373227e-11
1.669000000000000000e+03 3.931343814294451156e-11
1.670000000000000000e+03 3.927247012109234774e-11
1.671000000000000000e+03 3.923156053977979661e-11
1.672000000000000000e+03 3.919070908104769093e-11
1.673000000000000000e+03 3.914991541291531841e-11
1.674000000000000000e+03 3.910917918928530245e-11
1.675000000000000000e+03 3.906850012911252214e-11
1.676000000000000000e+03 3.902787825561784368e-11
1.677000000000000000e+03 3.898731366107840843e-11
1.678000000000000000e+03 3.894680642786698789e-11
1.679000000000000000e+03 3.890635662840337395e-11
1.680000000000000000e+03 3.886596432506612900e-11
1.681000000000000000e+03 3.882562957013035359e-11
1.682000000000000000e+03 3.878535240570105954e-11
1.683000000000000000e+03 3.874513286364179980e-11
1.684000000000000000e+03 3.870497096550760868e-11
1.685000000000000000e+03 3.866486672246873962e-11
1.686000000000000000e+03 3.862482013525214868e-11
1.687000000000000000e+03 3.858483119406035971e-11
1.688000000000000000e+03 3.854489987850363557e-11
1.689000000000000000e+03 3.850502615754078300e-11
1.690000000000000000e+03 3.846520998938850527e-11
1.691000000000000000e+03 3.842545132147089245e-11
1.692000000000000000e+03 3.838575009033720097e-11
1.693000000000000000e+03 3.834610622158405337e-11
1.694000000000000000e+03 3.830651962979974582e-11
1.695000000000000000e+03 3.826699021849063548e-11
1.696000000000000000e+03 3.822751787999347878e-11
1.697000000000000000e+03 3.818810249542391351e-11
1.698000000000000000e+03 3.814874393458389221e-11
1.699000000000000000e+03 3.810944205590523997e-11
1.700000000000000000e+03 3.807019670637935704e-11
1.701000000000000000e+03 3.803100772145958562e-11
1.702000000000000000e+03 3.799187492501763431e-11
1.703000000000000000e+03 3.795279812925464319e-11
1.704000000000000000e+03 3.791377713463461525e-11
1.705000000000000000e+03 3.787481172979946230e-11
1.706000000000000000e+03 3.783590169150663684e-11
1.707000000000000000e+03 3.779704678455741296e-11
1.708000000000000000e+03 3.775824676170222584e-11
1.709000000000000000e+03 3.771950136359594581e-11
1.710000000000000000e+03 3.768081031869355669e-11
1.711000000000000000e+03 3.764217334320058310e-11
1.712000000000000000e+03 3.760359014098662424e-11
1.713000000000000000e+03 3.756506040349865502e-11
1.714000000000000000e+03 3.752658387966405631e-11
1.715000000000000000e+03 3.748816058694947052e-11
1.716000000000000000e+03 3.744979060374171197e-11
1.717000000000000000e+03 3.741147399965959681e-11
1.718000000000000000e+03 3.737321083548972667e-11
1.719000000000000000e+03 3.733500116312669899e-11
1.720000000000000000e+03 3.729684502553183201e-11
1.721000000000000000e+03 3.725874245664053349e-11
1.722000000000000000e+03 3.722069348132995015e-11
1.723000000000000000e+03 3.718269811535853829e-11
1.724000000000000000e+03 3.714475636527758774e-11
1.725000000000000000e+03 3.710686822840771834e-11
1.726000000000000000e+03 3.706903369275934129e-11
1.727000000000000000e+03 3.703125273696678851e-11
1.728000000000000000e+03 3.699352533023655564e-11
1.729000000000000000e+03 3.695585143229510566e-11
1.730000000000000000e+03 3.691823099329922965e-11
1.731000000000000000e+03 3.688066395381647235e-11
1.732000000000000000e+03 3.684315024471621574e-11
1.733000000000000000e+03 3.680568978714517378e-11
1.734000000000000000e+03 3.676828249245100104e-11
1.735000000000000000e+03 3.673092826212461619e-11
1.736000000000000000e+03 3.669362698772327425e-11
1.737000000000000000e+03 3.665637855083625146e-11
1.738000000000000000e+03 3.661918282298869206e-11
1.739000000000000000e+03 3.658203966561637923e-11
1.740000000000000000e+03 3.654494892995975262e-11
1.741000000000000000e+03 3.650791045704788815e-11
1.742000000000000000e+03 3.647092407759204375e-11
1.743000000000000000e+03 3.643398961195042018e-11
1.744000000000000000e+03 3.639710687005935643e-11
1.745000000000000000e+03 3.636027565135967182e-11
1.746000000000000000e+03 3.632349574474178777e-11
1.747000000000000000e+03 3.628676692848124002e-11
1.748000000000000000e+03 3.625008897016446500e-11
1.749000000000000000e+03 3.621346162664776397e-11
1.750000000000000000e+03 3.617688464395882321e-11
1.751000000000000000e+03 3.614035775726018243e-11
1.752000000000000000e+03 3.610388069078391979e-11
1.753000000000000000e+03 3.606745321964590911e-11
1.754000000000000000e+03 3.603107535668993885e-11
1.755000000000000000e+03 3.599474716863790942e-11
1.756000000000000000e+03 3.595846871441767650e-11
1.757000000000000000e+03 3.592224004513793843e-11
1.758000000000000000e+03 3.588606120400009615e-11
1.759000000000000000e+03 3.584993222626321442e-11
1.760000000000000000e+03 3.581385313919918600e-11
1.761000000000000000e+03 3.577782396203313589e-11
1.762000000000000000e+03 3.574184470588862061e-11
1.763000000000000000e+03 3.570591537374232716e-11
1.764000000000000000e+03 3.567003596036894912e-11
1.765000000000000000e+03 3.563420645228590782e-11
1.766000000000000000e+03 3.559842682770273914e-11
1.767000000000000000e+03 3.556269705647049981e-11
1.768000000000000000e+03 3.552701710003577491e-11
1.769000000000000000e+03 3.549138691137010251e-11
1.770000000000000000e+03 3.545580643492868576e-11
1.771000000000000000e+03 3.542027560659420921e-11
1.772000000000000000e+03 3.538479435363038747e-11
1.773000000000000000e+03 3.534936259461064672e-11
1.774000000000000000e+03 3.531398023939120900e-11
1.775000000000000000e+03 3.527864718903455224e-11
1.776000000000000000e+03 3.524336333576233839e-11
1.777000000000000000e+03 3.520812856289836393e-11
1.778000000000000000e+03 3.517294274482625077e-11
1.779000000000000000e+03 3.513780574692715576e-11
1.780000000000000000e+03 3.510271742551721510e-11
1.781000000000000000e+03 3.506767762780486698e-11
1.782000000000000000e+03 3.503268619183804134e-11
1.783000000000000000e+03 3.499774294643620821e-11
1.784000000000000000e+03 3.496284771113730890e-11
1.785000000000000000e+03 3.492800029615939555e-11
1.786000000000000000e+03 3.489320050232233328e-11
1.787000000000000000e+03 3.485844812101422829e-11
1.788000000000000000e+03 3.482374293411270355e-11
1.789000000000000000e+03 3.478908471395111362e-11
1.790000000000000000e+03 3.475447322324451845e-11
1.791000000000000000e+03 3.471990821504555202e-11
1.792000000000000000e+03 3.468538948748613665e-11
1.793000000000000000e+03 3.465091704912548496e-11
1.794000000000000000e+03 3.461649095618233921e-11
1.795000000000000000e+03 3.458211125794786865e-11
1.796000000000000000e+03 3.454777799672082633e-11
1.797000000000000000e+03 3.451349120777305951e-11
1.798000000000000000e+03 3.447925091931980875e-11
1.799000000000000000e+03 3.444505715243430148e-11
1.800000000000000000e+03 3.441090992105343890e-11
1.801000000000000000e+03 3.437680923189704888e-11
1.802000000000000000e+03 3.434275508442263019e-11
1.803000000000000000e+03 3.430874747081553618e-11
1.804000000000000000e+03 3.427478637588743185e-11
1.805000000000000000e+03 3.424087177708671122e-11
1.806000000000000000e+03 3.420700364441704587e-11
1.807000000000000000e+03 3.417318194040164165e-11
1.808000000000000000e+03 3.413940662004238378e-11
1.809000000000000000e+03 3.410567763075828291e-11
1.810000000000000000e+03 3.407199491236494430e-11
1.811000000000000000e+03 3.403835839700239627e-11
1.812000000000000000e+03 3.400476800910410973e-11
1.813000000000000000e+03 3.397122366534515074e-11
1.814000000000000000e+03 3.393772527459031368e-11
1.815000000000000000e+03 3.390427273786787772e-11
1.816000000000000000e+03 3.387086594828642340e-11
1.817000000000000000e+03 3.383750479102392421e-11
1.818000000000000000e+03 3.380418914327020584e-11
1.819000000000000000e+03 3.377091887415874905e-11
1.820000000000000000e+03 3.373769384474520228e-11
1.821000000000000000e+03 3.370451390794936923e-11
1.822000000000000000e+03 3.367137890851266071e-11
1.823000000000000000e+03 3.363828868293463439e-11
1.824000000000000000e+03 3.360524305944582062e-11
1.825000000000000000e+03 3.357224185794395846e-11
1.826000000000000000e+03 3.353928488996148355e-11
1.827000000000000000e+03 3.350637195859097208e-11
1.828000000000000000e+03 3.347350285847854264e-11
1.829000000000000000e+03 3.344067737572288208e-11
1.830000000000000000e+03 3.340789528786838896e-11
1.831000000000000000e+03 3.337515641306427822e-11
1.832000000000000000e+03 3.334246075855434496e-11
1.833000000000000000e+03 3.330980837445747542e-11
1.834000000000000000e+03 3.327719930472680326e-11
1.835000000000000000e+03 3.324463358710911307e-11
1.836000000000000000e+03 3.321211125310429560e-11
1.837000000000000000e+03 3.317963232792455096e-11
1.838000000000000000e+03 3.314719683047485296e-11
1.839000000000000000e+03 3.311480477327481280e-11
1.840000000000000000e+03 3.308245616246013315e-11
1.841000000000000000e+03 3.305015099771490857e-11
1.842000000000000000e+03 3.301788927224631894e-11
1.843000000000000000e+03 3.298567097274327044e-11
1.844000000000000000e+03 3.295349607933500423e-11
1.845000000000000000e+03 3.292136456554408927e-11
1.846000000000000000e+03 3.288927639826622755e-11
1.847000000000000000e+03 3.285723153770164326e-11
1.848000000000000000e+03 3.282522993735074018e-11
1.849000000000000000e+03 3.279327154393999139e-11
1.850000000000000000e+03 3.276135629740125978e-11
1.851000000000000000e+03 3.272948413081876159e-11
1.852000000000000000e+03 3.269765497041387336e-11
1.853000000000000000e+03 3.266586873546483732e-11
1.854000000000000000e+03 3.263412533830745928e-11
1.855000000000000000e+03 3.260242468425466533e-11
1.856000000000000000e+03 3.257076667160244072e-11
1.857000000000000000e+03 3.253915119153287528e-11
1.858000000000000000e+03 3.250757812812535617e-11
1.859000000000000000e+03 3.247604735828101661e-11
1.860000000000000000e+03 3.244455875169584599e-11
1.861000000000000000e+03 3.241311217081197027e-11
1.862000000000000000e+03 3.238170747079064580e-11
1.863000000000000000e+03 3.235034449944693145e-11
1.864000000000000000e+03 3.231902309723340995e-11
1.865000000000000000e+03 3.228774309717461445e-11
1.866000000000000000e+03 3.225650432485058182e-11
1.867000000000000000e+03 3.222530659833106597e-11
1.868000000000000000e+03 3.219414972814241183e-11
1.869000000000000000e+03 3.216303351723443582e-11
1.870000000000000000e+03 3.213195780262776124e-11
1.871000000000000000e+03 3.210092258120803369e-11
1.872000000000000000e+03 3.206992788581218445e-11
1.873000000000000000e+03 3.203897374368187542e-11
1.874000000000000000e+03 3.200806017642600458e-11
1.875000000000000000e+03 3.197718719998317263e-11
1.876000000000000000e+03 3.194635482458398817e-11
1.877000000000000000e+03 3.191556305472432647e-11
1.878000000000000000e+03 3.188481188913306294e-11
1.879000000000000000e+03 3.185410132071747928e-11
1.880000000000000000e+03 3.182343133655848126e-11
1.881000000000000000e+03 3.179280191785031153e-11
1.882000000000000000e+03 3.176221303987893303e-11
1.883000000000000000e+03 3.173166467198375253e-11
1.884000000000000000e+03 3.170115677752478540e-11
1.885000000000000000e+03 3.167068931383855658e-11
1.886000000000000000e+03 3.164026223221623844e-11
1.887000000000000000e+03 3.160987547785940305e-11
1.888000000000000000e+03 3.157952898984681223e-11
1.889000000000000000e+03 3.154922270110116226e-11
1.890000000000000000e+03 3.151895653833888438e-11
1.891000000000000000e+03 3.148873042207035155e-11
1.892000000000000000e+03 3.145854426651580335e-11
1.893000000000000000e+03 3.142839797961111034e-11
1.894000000000000000e+03 3.139829146295145475e-11
1.895000000000000000e+03 3.136822461174636540e-11
1.896000000000000000e+03 3.133819731481960140e-11
1.897000000000000000e+03 3.130820945452435970e-11
1.898000000000000000e+03 3.127826090674881977e-11
1.899000000000000000e+03 3.124835154085363972e-11
1.900000000000000000e+03 3.121848121965474715e-11
1.901000000000000000e+03 3.118864979936064137e-11
1.902000000000000000e+03 3.115885712956633822e-11
1.903000000000000000e+03 3.112910305319617828e-11
1.904000000000000000e+03 3.109938740646918221e-11
1.905000000000000000e+03 3.106971001887007357e-11
1.906000000000000000e+03 3.104007071310880517e-11
1.907000000000000000e+03 3.101046930508000779e-11
1.908000000000000000e+03 3.098090560382229033e-11
1.909000000000000000e+03 3.095137945755456967e-11
1.910000000000000000e+03 3.092189089252212342e-11
1.911000000000000000e+03 3.089243997621145121e-11
1.912000000000000000e+03 3.086302677141606932e-11
1.913000000000000000e+03 3.083365133624316041e-11
1.914000000000000000e+03 3.080431372407420492e-11
1.915000000000000000e+03 3.077501398353134457e-11
1.916000000000000000e+03 3.074575215844359066e-11
1.917000000000000000e+03 3.071652828783599325e-11
1.918000000000000000e+03 3.068734240589003987e-11
1.919000000000000000e+03 3.065819454190959245e-11
1.920000000000000000e+03 3.062908472030418864e-11
1.921000000000000000e+03 3.060001296054909158e-11
1.922000000000000000e+03 3.057097927716263932e-11
1.923000000000000000e+03 3.054198367967193628e-11
1.924000000000000000e+03 3.051302617258427022e-11
1.925000000000000000e+03 3.048410675537005814e-11
1.926000000000000000e+03 3.045522542241090192e-11
1.927000000000000000e+03 3.042638216298234029e-11
1.928000000000000000e+03 3.039757696123670424e-11
1.929000000000000000e+03 3.036880979614496879e-11
1.930000000000000000e+03 3.034008064149109200e-11
1.931000000000000000e+03 3.031138946583707302e-11
1.932000000000000000e+03 3.028273623247036798e-11
1.933000000000000000e+03 3.025412089942150636e-11
1.934000000000000000e+03 3.022554341937613839e-11
1.935000000000000000e+03 3.019700373969259974e-11
1.936000000000000000e+03 3.016850180235483333e-11
1.937000000000000000e+03 3.014003754392519475e-11
1.938000000000000000e+03 3.011161089553837769e-11
1.939000000000000000e+03 3.008322178285994504e-11
1.940000000000000000e+03 3.005487012606246344e-11
1.941000000000000000e+03 3.002655583977799206e-11
1.942000000000000000e+03 2.999827883309767553e-11
1.943000000000000000e+03 2.997003900950628678e-11
1.944000000000000000e+03 2.994183626687588746e-11
1.945000000000000000e+03 2.991367049741780627e-11
1.946000000000000000e+03 2.988554158767035398e-11
1.947000000000000000e+03 2.985744941845659205e-11
1.948000000000000000e+03 2.982939387037647578e-11
1.949000000000000000e+03 2.980137484047865379e-11
1.950000000000000000e+03 2.977339222577836433e-11
1.951000000000000000e+03 2.974544591772860532e-11
1.952000000000000000e+03 2.971753580219028481e-11
1.953000000000000000e+03 2.968966175939048060e-11
1.954000000000000000e+03 2.966182366390439094e-11
1.955000000000000000e+03 2.963402138461945557e-11
1.956000000000000000e+03 2.960625478471119947e-11
1.957000000000000000e+03 2.957852372159514001e-11
1.958000000000000000e+03 2.955082804691454088e-11
1.959000000000000000e+03 2.952316760650414532e-11
1.960000000000000000e+03 2.949554224035380606e-11
1.961000000000000000e+03 2.946795178257798302e-11
1.962000000000000000e+03 2.944039606140340670e-11
1.963000000000000000e+03 2.941287489910223808e-11
1.964000000000000000e+03 2.938538811198553524e-11
1.965000000000000000e+03 2.935793551037863175e-11
1.966000000000000000e+03 2.933051689856610981e-11
1.967000000000000000e+03 2.930313207477297542e-11
1.968000000000000000e+03 2.927578083113985589e-11
1.969000000000000000e+03 2.924846295367368565e-11
1.970000000000000000e+03 2.922117822224096601e-11
1.971000000000000000e+03 2.919392641050003332e-11
1.972000000000000000e+03 2.916670728590638392e-11
1.973000000000000000e+03 2.913952060966304976e-11
1.974000000000000000e+03 2.911236613668312327e-11
1.975000000000000000e+03 2.908524361557041228e-11
1.976000000000000000e+03 2.905815278857576750e-11
1.977000000000000000e+03 2.903109339157147868e-11
1.978000000000000000e+03 2.900406515402579681e-11
1.979000000000000000e+03 2.897706779894652105e-11
1.980000000000000000e+03 2.895010104288609103e-11
1.981000000000000000e+03 2.892316459587275966e-11
1.982000000000000000e+03 2.889625816138464999e-11
1.983000000000000000e+03 2.886938143634859522e-11
1.984000000000000000e+03 2.884253411106478453e-11
1.985000000000000000e+03 2.881571586920539621e-11
1.986000000000000000e+03 2.878892638775139922e-11
1.987000000000000000e+03 2.876216582964076922e-11
1.988000000000000000e+03 2.873543632960247542e-11
1.989000000000000000e+03 2.870874053010103806e-11
1.990000000000000000e+03 2.868208109073581375e-11
1.991000000000000000e+03 2.865546068831458545e-11
1.992000000000000000e+03 2.862888201685882605e-11
1.993000000000000000e+03 2.860234778772728759e-11
1.994000000000000000e+03 2.857586072962139728e-11
1.995000000000000000e+03 2.854942358866549727e-11
1.996000000000000000e+03 2.852303912846233359e-11
1.997000000000000000e+03 2.849671013014229927e-11
1.998000000000000000e+03 2.847043939243784826e-11
1.999000000000000000e+03 2.844422973172678027e-11
2.000000000000000000e+03 2.841808398207542860e-11
