2.000000000000000000e+00 4.095179547382988796e-05
3.000000000000000000e+00 4.298935114634053184e-05
4.000000000000000000e+00 4.502291103523944606e-05
5.000000000000000000e+00 4.697351052341084429e-05
6.000000000000000000e+00 4.879185804981828477e-05
7.000000000000000000e+00 5.044191337008692742e-05
8.000000000000000000e+00 5.190214050077631563e-05
9.000000000000000000e+00 5.316295955411000113e-05
1.000000000000000000e+01 5.422182078964849579e-05
1.100000000000000000e+01 5.508080967747619667e-05
1.200000000000000000e+01 5.574540855032566620e-05
1.300000000000000000e+01 5.622338150262068656e-05
1.400000000000000000e+01 5.652401575851235009e-05
1.500000000000000000e+01 5.665764105101818687e-05
1.600000000000000000e+01 5.663541219925725300e-05
1.700000000000000000e+01 5.646910682044143975e-05
1.800000000000000000e+01 5.617082337080796863e-05
1.900000000000000000e+01 5.575258197103505402e-05
2.000000000000000000e+01 5.522632919764953709e-05
2.100000000000000000e+01 5.460385849503033971e-05
2.200000000000000000e+01 5.389683784647309568e-05
2.300000000000000000e+01 5.311658652302620988e-05
2.400000000000000000e+01 5.227415147240876134e-05
2.500000000000000000e+01 5.137983906119596774e-05
2.600000000000000000e+01 5.044360589114020896e-05
2.700000000000000000e+01 4.947475008574364695e-05
2.800000000000000000e+01 4.848214618707484330e-05
2.900000000000000000e+01 4.747363288980552238e-05
3.000000000000000000e+01 4.645678992674762657e-05
3.100000000000000000e+01 4.543885185850617342e-05
3.200000000000000000e+01 4.442567255685298558e-05
3.300000000000000000e+01 4.342276072135346906e-05
3.400000000000000000e+01 4.243534046334308140e-05
3.500000000000000000e+01 4.146749754125198054e-05
3.600000000000000000e+01 4.052303312526450593e-05
3.700000000000000000e+01 3.960542508487442285e-05
3.800000000000000000e+01 3.871685808676000629e-05
3.900000000000000000e+01 3.785919349689794566e-05
4.000000000000000000e+01 3.703429268126907069e-05
4.100000000000000000e+01 3.624373655922012873e-05
4.200000000000000000e+01 3.548798426359889540e-05
4.300000000000000000e+01 3.476721448064026691e-05
4.400000000000000000e+01 3.408160589657308824e-05
4.500000000000000000e+01 3.343113139003832710e-05
4.600000000000000000e+01 3.281494060955417478e-05
4.700000000000000000e+01 3.223197739606020843e-05
4.800000000000000000e+01 3.168118559047858340e-05
4.900000000000000000e+01 3.116150903373985086e-05
5.000000000000000000e+01 3.067176662807774963e-05
5.100000000000000000e+01 3.021027752074209152e-05
5.200000000000000000e+01 2.977523592034743156e-05
5.300000000000000000e+01 2.936483603542055525e-05
5.400000000000000000e+01 2.897727207456984785e-05
5.500000000000000000e+01 2.861071355227294151e-05
5.600000000000000000e+01 2.826323120687523300e-05
5.700000000000000000e+01 2.793287108261528279e-05
5.800000000000000000e+01 2.761767922377385056e-05
5.900000000000000000e+01 2.731570167462133168e-05
6.000000000000000000e+01 2.702498447942671883e-05
6.100000000000000000e+01 2.674364314550402121e-05
6.200000000000000000e+01 2.647007103250778947e-05
6.300000000000000000e+01 2.620273096313615425e-05
6.400000000000000000e+01 2.594008576008185224e-05
6.500000000000000000e+01 2.568059824602908882e-05
6.600000000000000000e+01 2.542273124370790404e-05
6.700000000000000000e+01 2.516494757578720926e-05
6.800000000000000000e+01 2.490587792187613669e-05
6.900000000000000000e+01 2.464482438916746200e-05
7.000000000000000000e+01 2.438125694174582289e-05
7.100000000000000000e+01 2.411464554368383600e-05
7.200000000000000000e+01 2.384446015906373684e-05
7.300000000000000000e+01 2.357017075198393927e-05
7.400000000000000000e+01 2.329124728651919783e-05
7.500000000000000000e+01 2.300715972674212235e-05
7.600000000000000000e+01 2.271754168406358738e-05
7.700000000000000000e+01 2.242268135904180223e-05
7.800000000000000000e+01 2.212303059959416939e-05
7.900000000000000000e+01 2.181904125358985792e-05
8.000000000000000000e+01 2.151116516892692408e-05
8.100000000000000000e+01 2.119985419350380699e-05
8.200000000000000000e+01 2.088556017519475791e-05
8.300000000000000000e+01 2.056873496190092984e-05
8.400000000000000000e+01 2.024988972574918346e-05
8.500000000000000000e+01 1.992977293583839907e-05
8.600000000000000000e+01 1.960919238552969886e-05
8.700000000000000000e+01 1.928895586814440800e-05
8.800000000000000000e+01 1.896987117704387229e-05
8.900000000000000000e+01 1.865274610557319821e-05
9.000000000000000000e+01 1.833838844706603359e-05
9.100000000000000000e+01 1.802760599487125928e-05
9.200000000000000000e+01 1.772120654233957557e-05
9.300000000000000000e+01 1.741993100405402894e-05
9.400000000000000000e+01 1.712425277957028993e-05
9.500000000000000000e+01 1.683457838967971937e-05
9.600000000000000000e+01 1.655131435517821141e-05
9.700000000000000000e+01 1.627486719687511107e-05
9.800000000000000000e+01 1.600564343554914821e-05
9.900000000000000000e+01 1.574404959201122981e-05
1.000000000000000000e+02 1.549049218704784793e-05
1.010000000000000000e+02 1.524537774145645696e-05
1.020000000000000000e+02 1.500911277603492632e-05
1.030000000000000000e+02 1.478210381158391725e-05
1.040000000000000000e+02 1.456464732360769034e-05
1.050000000000000000e+02 1.435659960645511372e-05
1.060000000000000000e+02 1.415770690919091483e-05
1.070000000000000000e+02 1.396771548088198782e-05
1.080000000000000000e+02 1.378637157059416295e-05
1.090000000000000000e+02 1.361342142738407341e-05
1.100000000000000000e+02 1.344861130031764942e-05
1.110000000000000000e+02 1.329168743846135990e-05
1.120000000000000000e+02 1.314239609087438423e-05
1.130000000000000000e+02 1.300048350662598654e-05
1.140000000000000000e+02 1.286569593477753155e-05
1.150000000000000000e+02 1.273777962438991979e-05
1.160000000000000000e+02 1.261644235134867013e-05
1.170000000000000000e+02 1.250123799880010715e-05
1.180000000000000000e+02 1.239168197671970540e-05
1.190000000000000000e+02 1.228728969507296137e-05
1.200000000000000000e+02 1.218757656383265435e-05
1.210000000000000000e+02 1.209205799296036416e-05
1.220000000000000000e+02 1.200024939243583267e-05
1.230000000000000000e+02 1.191166617222172731e-05
1.240000000000000000e+02 1.182582374229254514e-05
1.250000000000000000e+02 1.174223751260893592e-05
1.260000000000000000e+02 1.166042289314940319e-05
1.270000000000000000e+02 1.157989529388108669e-05
1.280000000000000000e+02 1.150017012476746867e-05
1.290000000000000000e+02 1.142082029335026148e-05
1.300000000000000000e+02 1.134164869742563735e-05
1.310000000000000000e+02 1.126251573235505933e-05
1.320000000000000000e+02 1.118328179349805247e-05
1.330000000000000000e+02 1.110380727622130941e-05
1.340000000000000000e+02 1.102395257588264078e-05
1.350000000000000000e+02 1.094357808785058747e-05
1.360000000000000000e+02 1.086254420748520136e-05
1.370000000000000000e+02 1.078071133014377303e-05
1.380000000000000000e+02 1.069793985119588010e-05
1.390000000000000000e+02 1.061409016600166257e-05
1.400000000000000000e+02 1.052902266992371513e-05
1.410000000000000000e+02 1.044259775832234717e-05
1.420000000000000000e+02 1.035467582656357710e-05
1.430000000000000000e+02 1.026511727000511899e-05
1.440000000000000000e+02 1.017383856086773445e-05
1.450000000000000000e+02 1.008098047879028877e-05
1.460000000000000000e+02 9.986739880264879337e-06
1.470000000000000000e+02 9.891313621785336577e-06
1.480000000000000000e+02 9.794898559843198834e-06
1.490000000000000000e+02 9.697691550932455767e-06
1.500000000000000000e+02 9.599889451548379444e-06
1.510000000000000000e+02 9.501689118183678811e-06
1.520000000000000000e+02 9.403287407327676377e-06
1.530000000000000000e+02 9.304881175478881569e-06
1.540000000000000000e+02 9.206667279125017698e-06
1.550000000000000000e+02 9.108842574766110381e-06
1.560000000000000000e+02 9.011603918889708438e-06
1.570000000000000000e+02 8.915148167990980601e-06
1.580000000000000000e+02 8.819672178563823354e-06
1.590000000000000000e+02 8.725372807102495714e-06
1.600000000000000000e+02 8.632446910095823830e-06
1.610000000000000000e+02 8.541063538238394810e-06
1.620000000000000000e+02 8.451280519001266354e-06
1.630000000000000000e+02 8.363127874053669406e-06
1.640000000000000000e+02 8.276635625062105767e-06
1.650000000000000000e+02 8.191833793701564509e-06
1.660000000000000000e+02 8.108752401638684654e-06
1.670000000000000000e+02 8.027421470540782849e-06
1.680000000000000000e+02 7.947871022079814094e-06
1.690000000000000000e+02 7.870131077925105893e-06
1.700000000000000000e+02 7.794231659745260690e-06
1.710000000000000000e+02 7.720202789209912615e-06
1.720000000000000000e+02 7.648074487987152503e-06
1.730000000000000000e+02 7.577876777747378508e-06
1.740000000000000000e+02 7.509639680160712651e-06
1.750000000000000000e+02 7.443393216896605255e-06
1.760000000000000000e+02 7.379167409621478501e-06
1.770000000000000000e+02 7.316992280006473391e-06
1.780000000000000000e+02 7.256897849722865604e-06
1.790000000000000000e+02 7.198914140435838960e-06
1.800000000000000000e+02 7.143047930344505303e-06
1.810000000000000000e+02 7.089213023749914000e-06
1.820000000000000000e+02 7.037299981477952933e-06
1.830000000000000000e+02 6.987199364357135786e-06
1.840000000000000000e+02 6.938801733213987411e-06
1.850000000000000000e+02 6.891997648876013522e-06
1.860000000000000000e+02 6.846677672172674787e-06
1.870000000000000000e+02 6.802732363929161981e-06
1.880000000000000000e+02 6.760052284974698600e-06
1.890000000000000000e+02 6.718527996136326186e-06
1.900000000000000000e+02 6.678050058240013938e-06
1.910000000000000000e+02 6.638509032115108171e-06
1.920000000000000000e+02 6.599795478588354814e-06
1.930000000000000000e+02 6.561799958488337008e-06
1.940000000000000000e+02 6.524413032641350056e-06
1.950000000000000000e+02 6.487525261875743321e-06
1.960000000000000000e+02 6.451027207017864622e-06
1.970000000000000000e+02 6.414809428894683503e-06
1.980000000000000000e+02 6.378762488336276425e-06
1.990000000000000000e+02 6.342776946168670182e-06
2.000000000000000000e+02 6.306743363219625448e-06
2.010000000000000000e+02 6.270572812697242578e-06
2.020000000000000000e+02 6.234258417335342041e-06
2.030000000000000000e+02 6.197813812249484978e-06
2.040000000000000000e+02 6.161252632554731092e-06
2.050000000000000000e+02 6.124588513365383681e-06
2.060000000000000000e+02 6.087835089796205138e-06
2.070000000000000000e+02 6.051005996962126413e-06
2.080000000000000000e+02 6.014114869979398136e-06
2.090000000000000000e+02 5.977175343960962425e-06
2.100000000000000000e+02 5.940201054022008575e-06
2.110000000000000000e+02 5.903205635279602909e-06
2.120000000000000000e+02 5.866202722845363631e-06
2.130000000000000000e+02 5.829205951837870711e-06
2.140000000000000000e+02 5.792228957368417941e-06
2.150000000000000000e+02 5.755285374554618826e-06
2.160000000000000000e+02 5.718388838509135115e-06
2.170000000000000000e+02 5.681552984348948426e-06
2.180000000000000000e+02 5.644791447188329873e-06
2.190000000000000000e+02 5.608117862141319328e-06
2.200000000000000000e+02 5.571545864324072552e-06
2.210000000000000000e+02 5.535089088850679393e-06
2.220000000000000000e+02 5.498761170836822119e-06
2.230000000000000000e+02 5.462575745395684254e-06
2.240000000000000000e+02 5.426546662250992503e-06
2.250000000000000000e+02 5.390688629548676657e-06
2.260000000000000000e+02 5.355016570042732120e-06
2.270000000000000000e+02 5.319545406487535458e-06
2.280000000000000000e+02 5.284290061637755466e-06
2.290000000000000000e+02 5.249265458245878135e-06
2.300000000000000000e+02 5.214486519066963587e-06
2.310000000000000000e+02 5.179968166854949627e-06
2.320000000000000000e+02 5.145725324363785919e-06
2.330000000000000000e+02 5.111772914346218492e-06
2.340000000000000000e+02 5.078125859558338309e-06
2.350000000000000000e+02 5.044799082752576301e-06
2.360000000000000000e+02 5.011807506683403906e-06
2.370000000000000000e+02 4.979166054104957980e-06
2.380000000000000000e+02 4.946889647770984898e-06
2.390000000000000000e+02 4.914993210435882405e-06
2.400000000000000000e+02 4.883491664852443963e-06
2.410000000000000000e+02 4.852399933776163377e-06
2.420000000000000000e+02 4.821732939959715525e-06
2.430000000000000000e+02 4.791505606158312150e-06
2.440000000000000000e+02 4.761732855125326932e-06
2.450000000000000000e+02 4.732429609614394438e-06
2.460000000000000000e+02 4.703610792380370657e-06
2.470000000000000000e+02 4.675291326176144767e-06
2.480000000000000000e+02 4.647486133756726916e-06
2.490000000000000000e+02 4.620210137876076931e-06
2.500000000000000000e+02 4.593472913083806753e-06
2.510000000000000000e+02 4.567262641117423107e-06
2.520000000000000000e+02 4.541562155509970479e-06
2.530000000000000000e+02 4.516354289796586378e-06
2.540000000000000000e+02 4.491621877508855005e-06
2.550000000000000000e+02 4.467347752182885413e-06
2.560000000000000000e+02 4.443514747349837443e-06
2.570000000000000000e+02 4.420105696543928722e-06
2.580000000000000000e+02 4.397103433299743644e-06
2.590000000000000000e+02 4.374490791150587584e-06
2.600000000000000000e+02 4.352250603628773192e-06
2.610000000000000000e+02 4.330365704269572654e-06
2.620000000000000000e+02 4.308818926604949642e-06
2.630000000000000000e+02 4.287593104170255963e-06
2.640000000000000000e+02 4.266671070497146122e-06
2.650000000000000000e+02 4.246035659121078653e-06
2.660000000000000000e+02 4.225669703575199687e-06
2.670000000000000000e+02 4.205556037391538966e-06
2.680000000000000000e+02 4.185677494105633795e-06
2.690000000000000000e+02 4.166016907250555768e-06
2.700000000000000000e+02 4.146557110358949574e-06
2.710000000000000000e+02 4.127280936965815498e-06
2.720000000000000000e+02 4.108171220603567837e-06
2.730000000000000000e+02 4.089210794806542802e-06
2.740000000000000000e+02 4.070382493107807753e-06
2.750000000000000000e+02 4.051669149041070404e-06
2.760000000000000000e+02 4.033053596140871102e-06
2.770000000000000000e+02 4.014518667939496242e-06
2.780000000000000000e+02 3.996047197970506153e-06
2.790000000000000000e+02 3.977625370979614948e-06
2.800000000000000000e+02 3.959252776552952582e-06
2.810000000000000000e+02 3.940932355487763484e-06
2.820000000000000000e+02 3.922667048583581611e-06
2.830000000000000000e+02 3.904459796636603611e-06
2.840000000000000000e+02 3.886313540445956865e-06
2.850000000000000000e+02 3.868231220808129400e-06
2.860000000000000000e+02 3.850215778521593843e-06
2.870000000000000000e+02 3.832270154384394219e-06
2.880000000000000000e+02 3.814397289194847300e-06
2.890000000000000000e+02 3.796600123749224272e-06
2.900000000000000000e+02 3.778881598846966766e-06
2.910000000000000000e+02 3.761244655284600080e-06
2.920000000000000000e+02 3.743692233860913628e-06
2.930000000000000000e+02 3.726227275373902733e-06
2.940000000000000000e+02 3.708852720620006294e-06
2.950000000000000000e+02 3.691571510398423268e-06
2.960000000000000000e+02 3.674386585506663625e-06
2.970000000000000000e+02 3.657300886741965866e-06
2.980000000000000000e+02 3.640317354902660313e-06
2.990000000000000000e+02 3.623438930786666056e-06
3.000000000000000000e+02 3.606668555192147400e-06
3.010000000000000000e+02 3.590009168916061629e-06
3.020000000000000000e+02 3.573463712756199083e-06
3.030000000000000000e+02 3.557035127511100572e-06
3.040000000000000000e+02 3.540726353978617425e-06
3.050000000000000000e+02 3.524540332955879295e-06
3.060000000000000000e+02 3.508480005241263517e-06
3.070000000000000000e+02 3.492548311632975900e-06
3.080000000000000000e+02 3.476748192927670914e-06
3.090000000000000000e+02 3.461082589923732245e-06
3.100000000000000000e+02 3.445554443419855712e-06
3.110000000000000000e+02 3.430166694212395088e-06
3.120000000000000000e+02 3.414921530432755989e-06
3.130000000000000000e+02 3.399818129540255456e-06
3.140000000000000000e+02 3.384854916327010963e-06
3.150000000000000000e+02 3.370030315584644467e-06
3.160000000000000000e+02 3.355342752106438112e-06
3.170000000000000000e+02 3.340790650683165551e-06
3.180000000000000000e+02 3.326372436107759104e-06
3.190000000000000000e+02 3.312086533172412899e-06
3.200000000000000000e+02 3.297931366668854349e-06
3.210000000000000000e+02 3.283905361389210669e-06
3.220000000000000000e+02 3.270006942125637447e-06
3.230000000000000000e+02 3.256234533670560900e-06
3.240000000000000000e+02 3.242586560815716487e-06
3.250000000000000000e+02 3.229061448353594800e-06
3.260000000000000000e+02 3.215657621076480599e-06
3.270000000000000000e+02 3.202373503775522776e-06
3.280000000000000000e+02 3.189207521243916228e-06
3.290000000000000000e+02 3.176158098273020334e-06
3.300000000000000000e+02 3.163223659655526855e-06
3.310000000000000000e+02 3.150402630182789238e-06
3.320000000000000000e+02 3.137693434647936315e-06
3.330000000000000000e+02 3.125094497842089869e-06
3.340000000000000000e+02 3.112604244558024249e-06
3.350000000000000000e+02 3.100221099588109765e-06
3.360000000000000000e+02 3.087943487723435169e-06
3.370000000000000000e+02 3.075769833756831134e-06
3.380000000000000000e+02 3.063698562480846273e-06
3.390000000000000000e+02 3.051728098686337251e-06
3.400000000000000000e+02 3.039856867166535811e-06
3.410000000000000000e+02 3.028083292712883493e-06
3.420000000000000000e+02 3.016405800118515057e-06
3.430000000000000000e+02 3.004822814174164347e-06
3.440000000000000000e+02 2.993332759672685330e-06
3.450000000000000000e+02 2.981934061406040048e-06
3.460000000000000000e+02 2.970625144166589496e-06
3.470000000000000000e+02 2.959404432746246588e-06
3.480000000000000000e+02 2.948270351937216888e-06
3.490000000000000000e+02 2.937221422798932920e-06
3.500000000000000000e+02 2.926256551457442984e-06
3.510000000000000000e+02 2.915374740307148468e-06
3.520000000000000000e+02 2.904574991741872240e-06
3.530000000000000000e+02 2.893856308156162225e-06
3.540000000000000000e+02 2.883217691943040844e-06
3.550000000000000000e+02 2.872658145496807842e-06
3.560000000000000000e+02 2.862176671211297945e-06
3.570000000000000000e+02 2.851772271480655045e-06
3.580000000000000000e+02 2.841443948698122212e-06
3.590000000000000000e+02 2.831190705258282103e-06
3.600000000000000000e+02 2.821011543554863986e-06
3.610000000000000000e+02 2.810905465981992694e-06
3.620000000000000000e+02 2.800871474933007439e-06
3.630000000000000000e+02 2.790908572802643765e-06
3.640000000000000000e+02 2.781015761983943997e-06
3.650000000000000000e+02 2.771192044870914807e-06
3.660000000000000000e+02 2.761436423858288352e-06
3.670000000000000000e+02 2.751747901338964232e-06
3.680000000000000000e+02 2.742125479707554747e-06
3.690000000000000000e+02 2.732568161357828132e-06
3.700000000000000000e+02 2.723074948683439962e-06
3.710000000000000000e+02 2.713644844078183458e-06
3.720000000000000000e+02 2.704276849936690826e-06
3.730000000000000000e+02 2.694969968651952724e-06
3.740000000000000000e+02 2.685723202618743234e-06
3.750000000000000000e+02 2.676535554230251642e-06
3.760000000000000000e+02 2.667406025881030111e-06
3.770000000000000000e+02 2.658333619964547023e-06
3.780000000000000000e+02 2.649317338874778558e-06
3.790000000000000000e+02 2.640356185005993544e-06
3.800000000000000000e+02 2.631449160751252518e-06
3.810000000000000000e+02 2.622595268505256720e-06
3.820000000000000000e+02 2.613793510661975977e-06
3.830000000000000000e+02 2.605042889614464894e-06
3.840000000000000000e+02 2.596342407757675011e-06
3.850000000000000000e+02 2.587691067484829495e-06
3.860000000000000000e+02 2.579087871189801609e-06
3.870000000000000000e+02 2.570531821266910158e-06
3.880000000000000000e+02 2.562022086587320851e-06
3.890000000000000000e+02 2.553558501933280084e-06
3.900000000000000000e+02 2.545141068563857440e-06
3.910000000000000000e+02 2.536769787738662062e-06
3.920000000000000000e+02 2.528444660717256929e-06
3.930000000000000000e+02 2.520165688758995383e-06
3.940000000000000000e+02 2.511932873123270148e-06
3.950000000000000000e+02 2.503746215069351555e-06
3.960000000000000000e+02 2.495605715857428118e-06
3.970000000000000000e+02 2.487511376746038754e-06
3.980000000000000000e+02 2.479463198995120832e-06
3.990000000000000000e+02 2.471461183864242837e-06
4.000000000000000000e+02 2.463505332612456989e-06
4.010000000000000000e+02 2.455595646499711667e-06
4.020000000000000000e+02 2.447732126784739760e-06
4.030000000000000000e+02 2.439914774728019043e-06
4.040000000000000000e+02 2.432143591588114691e-06
4.050000000000000000e+02 2.424418578624638812e-06
4.060000000000000000e+02 2.416739737097304312e-06
4.070000000000000000e+02 2.409107068265774966e-06
4.080000000000000000e+02 2.401520573388759100e-06
4.090000000000000000e+02 2.393980253726510447e-06
4.100000000000000000e+02 2.386486110537653053e-06
4.110000000000000000e+02 2.379038145082415241e-06
4.120000000000000000e+02 2.371636358619856008e-06
4.130000000000000000e+02 2.364280752409584073e-06
4.140000000000000000e+02 2.356971327711231025e-06
4.150000000000000000e+02 2.349708085783578880e-06
4.160000000000000000e+02 2.342491027886607359e-06
4.170000000000000000e+02 2.335320155279879865e-06
4.180000000000000000e+02 2.328195469222407960e-06
4.190000000000000000e+02 2.321116970973949865e-06
4.200000000000000000e+02 2.314084661793786074e-06
4.210000000000000000e+02 2.307098542941647703e-06
4.220000000000000000e+02 2.300158615676862681e-06
4.230000000000000000e+02 2.293264881258572166e-06
4.240000000000000000e+02 2.286417340946644916e-06
4.250000000000000000e+02 2.279615996000476199e-06
4.260000000000000000e+02 2.272860847679556151e-06
4.270000000000000000e+02 2.266151804016291493e-06
4.280000000000000000e+02 2.259488400138115483e-06
4.290000000000000000e+02 2.252870077945454620e-06
4.300000000000000000e+02 2.246296279338056083e-06
4.310000000000000000e+02 2.239766446216916426e-06
4.320000000000000000e+02 2.233280020482111053e-06
4.330000000000000000e+02 2.226836444034376480e-06
4.340000000000000000e+02 2.220435158773311654e-06
4.350000000000000000e+02 2.214075606599936423e-06
4.360000000000000000e+02 2.207757229414237676e-06
4.370000000000000000e+02 2.201479469116715605e-06
4.380000000000000000e+02 2.195241767607606974e-06
4.390000000000000000e+02 2.189043566787751637e-06
4.400000000000000000e+02 2.182884308556843410e-06
4.410000000000000000e+02 2.176763434815925855e-06
4.420000000000000000e+02 2.170680387464677967e-06
4.430000000000000000e+02 2.164634608403892164e-06
4.440000000000000000e+02 2.158625539533742106e-06
4.450000000000000000e+02 2.152652622754641165e-06
4.460000000000000000e+02 2.146715299967122567e-06
4.470000000000000000e+02 2.140813013071099934e-06
4.480000000000000000e+02 2.134945203967644357e-06
4.490000000000000000e+02 2.129111314556364102e-06
4.500000000000000000e+02 2.123310786738111728e-06
4.510000000000000000e+02 2.117543062413002874e-06
4.520000000000000000e+02 2.111807583481546201e-06
4.530000000000000000e+02 2.106103791843922146e-06
4.540000000000000000e+02 2.100431129400793109e-06
4.550000000000000000e+02 2.094789038052278116e-06
4.560000000000000000e+02 2.089176959698762587e-06
4.570000000000000000e+02 2.083594336240488791e-06
4.580000000000000000e+02 2.078040609578051365e-06
4.590000000000000000e+02 2.072515221611984806e-06
4.600000000000000000e+02 2.067017614242071021e-06
4.610000000000000000e+02 2.061547229369021538e-06
4.620000000000000000e+02 2.056103508893472073e-06
4.630000000000000000e+02 2.050685894715005481e-06
4.640000000000000000e+02 2.045293828734980847e-06
4.650000000000000000e+02 2.039926752852917920e-06
4.660000000000000000e+02 2.034584199591353018e-06
4.670000000000000000e+02 2.029266063960138552e-06
4.680000000000000000e+02 2.023972331590742929e-06
4.690000000000000000e+02 2.018702988114801847e-06
4.700000000000000000e+02 2.013458019163713408e-06
4.710000000000000000e+02 2.008237410369650753e-06
4.720000000000000000e+02 2.003041147363736276e-06
4.730000000000000000e+02 1.997869215777627696e-06
4.740000000000000000e+02 1.992721601243108094e-06
4.750000000000000000e+02 1.987598289391408708e-06
4.760000000000000000e+02 1.982499265854763240e-06
4.770000000000000000e+02 1.977424516264339400e-06
4.780000000000000000e+02 1.972374026251791944e-06
4.790000000000000000e+02 1.967347781448863294e-06
4.800000000000000000e+02 1.962345767486989248e-06
4.810000000000000000e+02 1.957367969997739433e-06
4.820000000000000000e+02 1.952414374612961304e-06
4.830000000000000000e+02 1.947484966964127927e-06
4.840000000000000000e+02 1.942579732683031277e-06
4.850000000000000000e+02 1.937698657400864476e-06
4.860000000000000000e+02 1.932841726749447025e-06
4.870000000000000000e+02 1.928008926360570477e-06
4.880000000000000000e+02 1.923200241865624040e-06
4.890000000000000000e+02 1.918415658896277717e-06
4.900000000000000000e+02 1.913655163084363715e-06
4.910000000000000000e+02 1.908918740060984101e-06
4.920000000000000000e+02 1.904206375457967694e-06
4.930000000000000000e+02 1.899518054907231407e-06
4.940000000000000000e+02 1.894853764039894669e-06
4.950000000000000000e+02 1.890213488487981964e-06
4.960000000000000000e+02 1.885597213882762860e-06
4.970000000000000000e+02 1.881004925856184338e-06
4.980000000000000000e+02 1.876436610039484835e-06
4.990000000000000000e+02 1.871892252064611334e-06
5.000000000000000000e+02 1.867371837562844624e-06
5.010000000000000000e+02 1.862875352165955502e-06
5.020000000000000000e+02 1.858402781505839071e-06
5.030000000000000000e+02 1.853954111213664099e-06
5.040000000000000000e+02 1.849529326921016731e-06
5.050000000000000000e+02 1.845128379257330570e-06
5.060000000000000000e+02 1.840751078841225274e-06
5.070000000000000000e+02 1.836397201288955566e-06
5.080000000000000000e+02 1.832066522217255589e-06
5.090000000000000000e+02 1.827758817241982384e-06
5.100000000000000000e+02 1.823473861979678028e-06
5.110000000000000000e+02 1.819211432046700793e-06
5.120000000000000000e+02 1.814971303059567560e-06
5.130000000000000000e+02 1.810753250634098309e-06
5.140000000000000000e+02 1.806557050386954976e-06
5.150000000000000000e+02 1.802382477934543477e-06
5.160000000000000000e+02 1.798229308892881789e-06
5.170000000000000000e+02 1.794097318878645610e-06
5.180000000000000000e+02 1.789986283507852916e-06
5.190000000000000000e+02 1.785895978397138748e-06
5.200000000000000000e+02 1.781826179162451203e-06
5.210000000000000000e+02 1.777776661420546021e-06
5.220000000000000000e+02 1.773747200787460874e-06
5.230000000000000000e+02 1.769737572879770027e-06
5.240000000000000000e+02 1.765747553313529785e-06
5.250000000000000000e+02 1.761776917705295566e-06
5.260000000000000000e+02 1.757825441671073278e-06
5.270000000000000000e+02 1.753892900827556829e-06
5.280000000000000000e+02 1.749979070790857794e-06
5.290000000000000000e+02 1.746083727177510626e-06
5.300000000000000000e+02 1.742206645603663534e-06
5.310000000000000000e+02 1.738347601685626933e-06
5.320000000000000000e+02 1.734506371039963653e-06
5.330000000000000000e+02 1.730682729282694212e-06
5.340000000000000000e+02 1.726876452030279161e-06
5.350000000000000000e+02 1.723087314899048609e-06
5.360000000000000000e+02 1.719315093505513717e-06
5.370000000000000000e+02 1.715559563465584888e-06
5.380000000000000000e+02 1.711820500395976785e-06
5.390000000000000000e+02 1.708097679912988174e-06
5.400000000000000000e+02 1.704390877632601457e-06
5.410000000000000000e+02 1.700699869171649245e-06
5.420000000000000000e+02 1.697024430145969520e-06
5.430000000000000000e+02 1.693364336172214685e-06
5.440000000000000000e+02 1.689719392966097123e-06
5.450000000000000000e+02 1.686089526640957832e-06
5.460000000000000000e+02 1.682474693409506953e-06
5.470000000000000000e+02 1.678874849484694340e-06
5.480000000000000000e+02 1.675289951079484456e-06
5.490000000000000000e+02 1.671719954406217502e-06
5.500000000000000000e+02 1.668164815678062076e-06
5.510000000000000000e+02 1.664624491107950245e-06
5.520000000000000000e+02 1.661098936908365779e-06
5.530000000000000000e+02 1.657588109292161335e-06
5.540000000000000000e+02 1.654091964472535370e-06
5.550000000000000000e+02 1.650610458661794202e-06
5.560000000000000000e+02 1.647143548072977894e-06
5.570000000000000000e+02 1.643691188919025286e-06
5.580000000000000000e+02 1.640253337412563300e-06
5.590000000000000000e+02 1.636829949766500708e-06
5.600000000000000000e+02 1.633420982193610543e-06
5.610000000000000000e+02 1.630026390906722167e-06
5.620000000000000000e+02 1.626646132118704119e-06
5.630000000000000000e+02 1.623280162042255740e-06
5.640000000000000000e+02 1.619928436890291521e-06
5.650000000000000000e+02 1.616590912875531978e-06
5.660000000000000000e+02 1.613267546210691278e-06
5.670000000000000000e+02 1.609958293108855010e-06
5.680000000000000000e+02 1.606663109782879006e-06
5.690000000000000000e+02 1.603381952445185841e-06
5.700000000000000000e+02 1.600114777308920185e-06
5.710000000000000000e+02 1.596861540586770369e-06
5.720000000000000000e+02 1.593622198491539074e-06
5.730000000000000000e+02 1.590396707235936441e-06
5.740000000000000000e+02 1.587185023033146105e-06
5.750000000000000000e+02 1.583987102095659461e-06
5.760000000000000000e+02 1.580802900636418104e-06
5.770000000000000000e+02 1.577632374868034979e-06
5.780000000000000000e+02 1.574475481003729929e-06
5.790000000000000000e+02 1.571332175255809486e-06
5.800000000000000000e+02 1.568202413837537117e-06
5.810000000000000000e+02 1.565086152961430688e-06
5.820000000000000000e+02 1.561983348840377581e-06
5.830000000000000000e+02 1.558893949285354160e-06
5.840000000000000000e+02 1.555817868499464214e-06
5.850000000000000000e+02 1.552755012283938414e-06
5.860000000000000000e+02 1.549705286439760101e-06
5.870000000000000000e+02 1.546668596768393728e-06
5.880000000000000000e+02 1.543644849070869008e-06
5.890000000000000000e+02 1.540633949148506823e-06
5.900000000000000000e+02 1.537635802802371827e-06
5.910000000000000000e+02 1.534650315833812217e-06
5.920000000000000000e+02 1.531677394044094667e-06
5.930000000000000000e+02 1.528716943234045601e-06
5.940000000000000000e+02 1.525768869205301209e-06
5.950000000000000000e+02 1.522833077758695752e-06
5.960000000000000000e+02 1.519909474695684366e-06
5.970000000000000000e+02 1.516997965817451137e-06
5.980000000000000000e+02 1.514098456925085918e-06
5.990000000000000000e+02 1.511210853819932672e-06
6.000000000000000000e+02 1.508335062303059230e-06
6.010000000000000000e+02 1.505470988175608807e-06
6.020000000000000000e+02 1.502618537238964966e-06
6.030000000000000000e+02 1.499777615294231748e-06
6.040000000000000000e+02 1.496948128142749092e-06
6.050000000000000000e+02 1.494129981585401023e-06
6.060000000000000000e+02 1.491323081423816319e-06
6.070000000000000000e+02 1.488527333458821617e-06
6.080000000000000000e+02 1.485742643491810219e-06
6.090000000000000000e+02 1.482968917323881510e-06
6.100000000000000000e+02 1.480206060756352769e-06
6.110000000000000000e+02 1.477453979590246088e-06
6.120000000000000000e+02 1.474712579626962180e-06
6.130000000000000000e+02 1.471981766667602547e-06
6.140000000000000000e+02 1.469261446513472398e-06
6.150000000000000000e+02 1.466551524965574556e-06
6.160000000000000000e+02 1.463851907825277122e-06
6.170000000000000000e+02 1.461162500893807171e-06
6.180000000000000000e+02 1.458483209972251590e-06
6.190000000000000000e+02 1.455813940861720773e-06
6.200000000000000000e+02 1.453154599363671762e-06
6.210000000000000000e+02 1.450505091279087261e-06
6.220000000000000000e+02 1.447865331785604276e-06
6.230000000000000000e+02 1.445235273565392687e-06
6.240000000000000000e+02 1.442614878676996945e-06
6.250000000000000000e+02 1.440004109179040272e-06
6.260000000000000000e+02 1.437402927130072414e-06
6.270000000000000000e+02 1.434811294588744336e-06
6.280000000000000000e+02 1.432229173613500536e-06
6.290000000000000000e+02 1.429656526262752693e-06
6.300000000000000000e+02 1.427093314595367342e-06
6.310000000000000000e+02 1.424539500669724396e-06
6.320000000000000000e+02 1.421995046544366188e-06
6.330000000000000000e+02 1.419459914278006363e-06
6.340000000000000000e+02 1.416934065928915356e-06
6.350000000000000000e+02 1.414417463555873303e-06
6.360000000000000000e+02 1.411910069217396280e-06
6.370000000000000000e+02 1.409411844972064736e-06
6.380000000000000000e+02 1.406922752878377380e-06
6.390000000000000000e+02 1.404442754994920379e-06
6.400000000000000000e+02 1.401971813380376462e-06
6.410000000000000000e+02 1.399509890092924161e-06
6.420000000000000000e+02 1.397056947191476172e-06
6.430000000000000000e+02 1.394612946734616546e-06
6.440000000000000000e+02 1.392177850780618258e-06
6.450000000000000000e+02 1.389751621388212740e-06
6.460000000000000000e+02 1.387334220615843647e-06
6.470000000000000000e+02 1.384925610522281797e-06
6.480000000000000000e+02 1.382525753165884235e-06
6.490000000000000000e+02 1.380134610605358464e-06
6.500000000000000000e+02 1.377752144899172068e-06
6.510000000000000000e+02 1.375378318105718087e-06
6.520000000000000000e+02 1.373013092283916845e-06
6.530000000000000000e+02 1.370656429492041316e-06
6.540000000000000000e+02 1.368308291788914625e-06
6.550000000000000000e+02 1.365968641232739655e-06
6.560000000000000000e+02 1.363637439882288498e-06
6.570000000000000000e+02 1.361314649796176753e-06
6.580000000000000000e+02 1.359000233032733513e-06
6.590000000000000000e+02 1.356694151650737433e-06
6.600000000000000000e+02 1.354396367708702893e-06
6.610000000000000000e+02 1.352106842022564516e-06
6.620000000000000000e+02 1.349825530438189250e-06
6.630000000000000000e+02 1.347552387559043224e-06
6.640000000000000000e+02 1.345287367988333159e-06
6.650000000000000000e+02 1.343030426329360437e-06
6.660000000000000000e+02 1.340781517185722260e-06
6.670000000000000000e+02 1.338540595160385644e-06
6.680000000000000000e+02 1.336307614857024237e-06
6.690000000000000000e+02 1.334082530878810882e-06
6.700000000000000000e+02 1.331865297829043993e-06
6.710000000000000000e+02 1.329655870311072595e-06
6.720000000000000000e+02 1.327454202928355827e-06
6.730000000000000000e+02 1.325260250284108883e-06
6.740000000000000000e+02 1.323073966981783702e-06
6.750000000000000000e+02 1.320895307624574724e-06
6.760000000000000000e+02 1.318724226815898739e-06
6.770000000000000000e+02 1.316560679159041453e-06
6.780000000000000000e+02 1.314404619257492713e-06
6.790000000000000000e+02 1.312256001714327526e-06
6.800000000000000000e+02 1.310114781133083383e-06
6.810000000000000000e+02 1.307980912117005971e-06
6.820000000000000000e+02 1.305854349269516735e-06
6.830000000000000000e+02 1.303735047193868774e-06
6.840000000000000000e+02 1.301622960493342503e-06
6.850000000000000000e+02 1.299518043771439837e-06
6.860000000000000000e+02 1.297420251631408155e-06
6.870000000000000000e+02 1.295329538676569377e-06
6.880000000000000000e+02 1.293245859510377773e-06
6.890000000000000000e+02 1.291169168735949222e-06
6.900000000000000000e+02 1.289099420956785424e-06
6.910000000000000000e+02 1.287036570776170185e-06
6.920000000000000000e+02 1.284980572797491068e-06
6.930000000000000000e+02 1.282931381624039713e-06
6.940000000000000000e+02 1.280888951859068369e-06
6.950000000000000000e+02 1.278853238106110292e-06
6.960000000000000000e+02 1.276824194968256797e-06
6.970000000000000000e+02 1.274801777049124993e-06
6.980000000000000000e+02 1.272785938951750505e-06
6.990000000000000000e+02 1.270776635279679080e-06
7.000000000000000000e+02 1.268773823806654089e-06
7.010000000000000000e+02 1.266777474988145580e-06
7.020000000000000000e+02 1.264787562450183329e-06
7.030000000000000000e+02 1.262804059818596369e-06
7.040000000000000000e+02 1.260826940719320667e-06
7.050000000000000000e+02 1.258856178778319719e-06
7.060000000000000000e+02 1.256891747621634950e-06
7.070000000000000000e+02 1.254933620875182847e-06
7.080000000000000000e+02 1.252981772164429910e-06
7.090000000000000000e+02 1.251036175117195696e-06
7.100000000000000000e+02 1.249096803356697834e-06
7.110000000000000000e+02 1.247163630509609847e-06
7.120000000000000000e+02 1.245236630204079939e-06
7.130000000000000000e+02 1.243315776063342681e-06
7.140000000000000000e+02 1.241401041715436165e-06
7.150000000000000000e+02 1.239492400784344794e-06
7.160000000000000000e+02 1.237589826897205419e-06
7.170000000000000000e+02 1.235693293679184902e-06
7.180000000000000000e+02 1.233802774758178398e-06
7.190000000000000000e+02 1.231918243757298080e-06
7.200000000000000000e+02 1.230039674304424068e-06
7.210000000000000000e+02 1.228167040024705861e-06
7.220000000000000000e+02 1.226300314545220593e-06
7.230000000000000000e+02 1.224439471491151007e-06
7.240000000000000000e+02 1.222584484486819898e-06
7.250000000000000000e+02 1.220735327161475556e-06
7.260000000000000000e+02 1.218891973138321845e-06
7.270000000000000000e+02 1.217054396043906079e-06
7.280000000000000000e+02 1.215222569505516092e-06
7.290000000000000000e+02 1.213396467147438467e-06
7.300000000000000000e+02 1.211576062596698457e-06
7.310000000000000000e+02 1.209761329479310380e-06
7.320000000000000000e+02 1.207952241420104191e-06
7.330000000000000000e+02 1.206148772046057287e-06
7.340000000000000000e+02 1.204350894982585345e-06
7.350000000000000000e+02 1.202558583855698026e-06
7.360000000000000000e+02 1.200771812290649860e-06
7.370000000000000000e+02 1.198990553915227159e-06
7.380000000000000000e+02 1.197214782354923528e-06
7.390000000000000000e+02 1.195444471444192848e-06
7.400000000000000000e+02 1.193679595865124610e-06
7.410000000000000000e+02 1.191920130507307875e-06
7.420000000000000000e+02 1.190166050260813661e-06
7.430000000000000000e+02 1.188417330015956724e-06
7.440000000000000000e+02 1.186673944664203570e-06
7.450000000000000000e+02 1.184935869094533818e-06
7.460000000000000000e+02 1.183203078197759008e-06
7.470000000000000000e+02 1.181475546864024486e-06
7.480000000000000000e+02 1.179753249983712559e-06
7.490000000000000000e+02 1.178036162447216541e-06
7.500000000000000000e+02 1.176324259145830994e-06
7.510000000000000000e+02 1.174617514969292360e-06
7.520000000000000000e+02 1.172915904806685712e-06
7.530000000000000000e+02 1.171219403549551039e-06
7.540000000000000000e+02 1.169527986089423033e-06
7.550000000000000000e+02 1.167841627314306166e-06
7.560000000000000000e+02 1.166160302115089482e-06
7.570000000000000000e+02 1.164483985384193457e-06
7.580000000000000000e+02 1.162812652008776803e-06
7.590000000000000000e+02 1.161146276881481918e-06
7.600000000000000000e+02 1.159484834892537161e-06
7.610000000000000000e+02 1.157828300930657452e-06
7.620000000000000000e+02 1.156176649888247600e-06
7.630000000000000000e+02 1.154529856654673257e-06
7.640000000000000000e+02 1.152887896119308336e-06
7.650000000000000000e+02 1.151250743174536893e-06
7.660000000000000000e+02 1.149618372709082320e-06
7.670000000000000000e+02 1.147990759614241081e-06
7.680000000000000000e+02 1.146367878779380524e-06
7.690000000000000000e+02 1.144749705095994474e-06
7.700000000000000000e+02 1.143136213454287994e-06
7.710000000000000000e+02 1.141527378742984052e-06
7.720000000000000000e+02 1.139923175854393858e-06
7.730000000000000000e+02 1.138323579678909458e-06
7.740000000000000000e+02 1.136728565104818234e-06
7.750000000000000000e+02 1.135138107024389679e-06
7.760000000000000000e+02 1.133552180327360873e-06
7.770000000000000000e+02 1.131970759903879490e-06
7.780000000000000000e+02 1.130393821915314116e-06
7.790000000000000000e+02 1.128821347601718582e-06
7.800000000000000000e+02 1.127253319476639794e-06
7.810000000000000000e+02 1.125689720051192402e-06
7.820000000000000000e+02 1.124130531837738099e-06
7.830000000000000000e+02 1.122575737347370573e-06
7.840000000000000000e+02 1.121025319092540878e-06
7.850000000000000000e+02 1.119479259585570898e-06
7.860000000000000000e+02 1.117937541337188190e-06
7.870000000000000000e+02 1.116400146861163910e-06
7.880000000000000000e+02 1.114867058666750718e-06
7.890000000000000000e+02 1.113338259268375375e-06
7.900000000000000000e+02 1.111813731176075315e-06
7.910000000000000000e+02 1.110293456903136136e-06
7.920000000000000000e+02 1.108777418960602818e-06
7.930000000000000000e+02 1.107265599860858230e-06
7.940000000000000000e+02 1.105757982115173513e-06
7.950000000000000000e+02 1.104254548236261033e-06
7.960000000000000000e+02 1.102755280734846438e-06
7.970000000000000000e+02 1.101260162124193937e-06
7.980000000000000000e+02 1.099769174915696219e-06
7.990000000000000000e+02 1.098282301621412375e-06
8.000000000000000000e+02 1.096799524752642767e-06
8.010000000000000000e+02 1.095320826821461309e-06
8.020000000000000000e+02 1.093846190339298172e-06
8.030000000000000000e+02 1.092375597819435351e-06
8.040000000000000000e+02 1.090909031773642040e-06
8.050000000000000000e+02 1.089446474711762340e-06
8.060000000000000000e+02 1.087987909148074570e-06
8.070000000000000000e+02 1.086533317593098972e-06
8.080000000000000000e+02 1.085082682559946443e-06
8.090000000000000000e+02 1.083635986559069676e-06
8.100000000000000000e+02 1.082193212102651006e-06
8.110000000000000000e+02 1.080754341703206498e-06
8.120000000000000000e+02 1.079319357873157775e-06
8.130000000000000000e+02 1.077888243122515591e-06
8.140000000000000000e+02 1.076460979965117384e-06
8.150000000000000000e+02 1.075037550911549677e-06
8.160000000000000000e+02 1.073617938474422981e-06
8.170000000000000000e+02 1.072202125557160973e-06
8.180000000000000000e+02 1.070790096630527143e-06
8.190000000000000000e+02 1.069381836558577413e-06
8.200000000000000000e+02 1.067977330202342527e-06
8.210000000000000000e+02 1.066576562425899159e-06
8.220000000000000000e+02 1.065179518091209790e-06
8.230000000000000000e+02 1.063786182062298154e-06
8.240000000000000000e+02 1.062396539201051346e-06
8.250000000000000000e+02 1.061010574370452732e-06
8.260000000000000000e+02 1.059628272433175030e-06
8.270000000000000000e+02 1.058249618252024787e-06
8.280000000000000000e+02 1.056874596690381572e-06
8.290000000000000000e+02 1.055503192610806291e-06
8.300000000000000000e+02 1.054135390875488219e-06
8.310000000000000000e+02 1.052771176348505513e-06
8.320000000000000000e+02 1.051410533891707150e-06
8.330000000000000000e+02 1.050053448367887396e-06
8.340000000000000000e+02 1.048699904641210806e-06
8.350000000000000000e+02 1.047349887572226586e-06
8.360000000000000000e+02 1.046003382025530641e-06
8.370000000000000000e+02 1.044660372863876579e-06
8.380000000000000000e+02 1.043320844948629301e-06
8.390000000000000000e+02 1.041984783144667407e-06
8.400000000000000000e+02 1.040652172312766686e-06
8.410000000000000000e+02 1.039322997317174277e-06
8.420000000000000000e+02 1.037997243020682118e-06
8.430000000000000000e+02 1.036674894285070999e-06
8.440000000000000000e+02 1.035355935974189109e-06
8.450000000000000000e+02 1.034040352949956576e-06
8.460000000000000000e+02 1.032728130076318572e-06
8.470000000000000000e+02 1.031419252215268282e-06
8.480000000000000000e+02 1.030113704229909564e-06
8.490000000000000000e+02 1.028811470982250426e-06
8.500000000000000000e+02 1.027512537337109543e-06
8.510000000000000000e+02 1.026216888154700907e-06
8.520000000000000000e+02 1.024924508300615477e-06
8.530000000000000000e+02 1.023635382634960094e-06
8.540000000000000000e+02 1.022349496023162663e-06
8.550000000000000000e+02 1.021066833326021628e-06
8.560000000000000000e+02 1.019787379990298217e-06
8.570000000000000000e+02 1.018511123794022744e-06
8.580000000000000000e+02 1.017238053098532855e-06
8.590000000000000000e+02 1.015968156266214189e-06
8.600000000000000000e+02 1.014701421657409131e-06
8.610000000000000000e+02 1.013437837634140153e-06
8.620000000000000000e+02 1.012177392557024501e-06
8.630000000000000000e+02 1.010920074788130600e-06
8.640000000000000000e+02 1.009665872688751840e-06
8.650000000000000000e+02 1.008414774619724424e-06
8.660000000000000000e+02 1.007166768943417687e-06
8.670000000000000000e+02 1.005921844020685196e-06
8.680000000000000000e+02 1.004679988213690666e-06
8.690000000000000000e+02 1.003441189882044646e-06
8.700000000000000000e+02 1.002205437388944867e-06
8.710000000000000000e+02 1.000972719095652743e-06
8.720000000000000000e+02 9.997430233618190552e-07
8.730000000000000000e+02 9.985163385507486849e-07
8.740000000000000000e+02 9.972926530239135340e-07
8.750000000000000000e+02 9.960719551412752450e-07
8.760000000000000000e+02 9.948542332648785257e-07
8.770000000000000000e+02 9.936394757558645119e-07
8.780000000000000000e+02 9.924276709764111073e-07
8.790000000000000000e+02 9.912188072875859677e-07
8.800000000000000000e+02 9.900128730504694539e-07
8.810000000000000000e+02 9.888098566272619163e-07
8.820000000000000000e+02 9.876097463783444902e-07
8.830000000000000000e+02 9.864125306658150349e-07
8.840000000000000000e+02 9.852181978505565528e-07
8.850000000000000000e+02 9.840267362941491542e-07
8.860000000000000000e+02 9.828381343583584500e-07
8.870000000000000000e+02 9.816523804046317780e-07
8.880000000000000000e+02 9.804694627936009953e-07
8.890000000000000000e+02 9.792893698877673608e-07
8.900000000000000000e+02 9.781120900478135535e-07
8.910000000000000000e+02 9.769376116344972148e-07
8.920000000000000000e+02 9.757659230105201385e-07
8.930000000000000000e+02 9.745970125368627358e-07
8.940000000000000000e+02 9.734308685746650834e-07
8.950000000000000000e+02 9.722674798004894106e-07
8.960000000000000000e+02 9.711068361490362170e-07
8.970000000000000000e+02 9.699489278703989322e-07
8.980000000000000000e+02 9.687937452139308904e-07
8.990000000000000000e+02 9.676412784292727821e-07
9.000000000000000000e+02 9.664915177665868579e-07
9.010000000000000000e+02 9.653444534752476283e-07
9.020000000000000000e+02 9.642000758056314315e-07
9.030000000000000000e+02 9.630583750078052273e-07
9.040000000000000000e+02 9.619193413302323301e-07
9.050000000000000000e+02 9.607829650230929902e-07
9.060000000000000000e+02 9.596492363369738221e-07
9.070000000000000000e+02 9.585181455215737495e-07
9.080000000000000000e+02 9.573896828251896450e-07
9.090000000000000000e+02 9.562638384995243005e-07
9.100000000000000000e+02 9.551406027930628418e-07
9.110000000000000000e+02 9.540199659558809106e-07
9.120000000000000000e+02 9.529019182375972801e-07
9.130000000000000000e+02 9.517864498883655191e-07
9.140000000000000000e+02 9.506735511575987838e-07
9.150000000000000000e+02 9.495632122957098350e-07
9.160000000000000000e+02 9.484554235520877942e-07
9.170000000000000000e+02 9.473501751760884310e-07
9.180000000000000000e+02 9.462474574180094157e-07
9.190000000000000000e+02 9.451472605270814745e-07
9.200000000000000000e+02 9.440495747531937962e-07
9.210000000000000000e+02 9.429543903471156366e-07
9.220000000000000000e+02 9.418616975577633669e-07
9.230000000000000000e+02 9.407714866346588811e-07
9.240000000000000000e+02 9.396837478281516242e-07
9.250000000000000000e+02 9.385984713874362180e-07
9.260000000000000000e+02 9.375156475622562672e-07
9.270000000000000000e+02 9.364352666038555778e-07
9.280000000000000000e+02 9.353573187600864360e-07
9.290000000000000000e+02 9.342817942814897163e-07
9.300000000000000000e+02 9.332086834178628102e-07
9.310000000000000000e+02 9.321379764192166673e-07
9.320000000000000000e+02 9.310696635352744577e-07
9.330000000000000000e+02 9.300037350149784930e-07
9.340000000000000000e+02 9.289401814189775154e-07
9.350000000000000000e+02 9.278789945419531447e-07
9.360000000000000000e+02 9.268201664905343063e-07
9.370000000000000000e+02 9.257636893706138537e-07
9.380000000000000000e+02 9.247095552875339634e-07
9.390000000000000000e+02 9.236577563469835658e-07
9.400000000000000000e+02 9.226082846551726227e-07
9.410000000000000000e+02 9.215611323175878352e-07
9.420000000000000000e+02 9.205162914391775096e-07
9.430000000000000000e+02 9.194737541273576765e-07
9.440000000000000000e+02 9.184335124858247272e-07
9.450000000000000000e+02 9.173955586217993454e-07
9.460000000000000000e+02 9.163598846412558059e-07
9.470000000000000000e+02 9.153264826484113194e-07
9.480000000000000000e+02 9.142953447501110164e-07
9.490000000000000000e+02 9.132664630517925761e-07
9.500000000000000000e+02 9.122398296590681668e-07
9.510000000000000000e+02 9.112154366778953343e-07
9.520000000000000000e+02 9.101932762140568178e-07
9.530000000000000000e+02 9.091733403726434369e-07
9.540000000000000000e+02 9.081556212603035985e-07
9.550000000000000000e+02 9.071401109819601977e-07
9.560000000000000000e+02 9.061268016444342246e-07
9.570000000000000000e+02 9.051156853517991060e-07
9.580000000000000000e+02 9.041067542110536030e-07
9.590000000000000000e+02 9.031000003281673316e-07
9.600000000000000000e+02 9.020954158075826016e-07
9.610000000000000000e+02 9.010929927557971541e-07
9.620000000000000000e+02 9.000927232788024162e-07
9.630000000000000000e+02 8.990945994822577781e-07
9.640000000000000000e+02 8.980986134709887261e-07
9.650000000000000000e+02 8.971047573518605076e-07
9.660000000000000000e+02 8.961130232298909914e-07
9.670000000000000000e+02 8.951234032111221089e-07
9.680000000000000000e+02 8.941358894007703580e-07
9.690000000000000000e+02 8.931504739054053716e-07
9.700000000000000000e+02 8.921671488304383593e-07
9.710000000000000000e+02 8.911859062816316258e-07
9.720000000000000000e+02 8.902067383645964923e-07
9.730000000000000000e+02 8.892296373971202098e-07
9.740000000000000000e+02 8.882545965469533928e-07
9.750000000000000000e+02 8.872816091933596769e-07
9.760000000000000000e+02 8.863106687168734587e-07
9.770000000000000000e+02 8.853417684967967017e-07
9.780000000000000000e+02 8.843749019126603862e-07
9.790000000000000000e+02 8.834100623443611989e-07
9.800000000000000000e+02 8.824472431716424076e-07
9.810000000000000000e+02 8.814864377742313983e-07
9.820000000000000000e+02 8.805276395313279612e-07
9.830000000000000000e+02 8.795708418236934978e-07
9.840000000000000000e+02 8.786160380305319277e-07
9.850000000000000000e+02 8.776632215309349386e-07
9.860000000000000000e+02 8.767123857053099781e-07
9.870000000000000000e+02 8.757635239335709911e-07
9.880000000000000000e+02 8.748166295952780747e-07
9.890000000000000000e+02 8.738716960697763910e-07
9.900000000000000000e+02 8.729287167369739559e-07
9.910000000000000000e+02 8.719876849768311953e-07
9.920000000000000000e+02 8.710485941688573842e-07
9.930000000000000000e+02 8.701114376928851522e-07
9.940000000000000000e+02 8.691762089279313308e-07
9.950000000000000000e+02 8.682429012548746352e-07
9.960000000000000000e+02 8.673115080527736132e-07
9.970000000000000000e+02 8.663820227015440096e-07
9.980000000000000000e+02 8.654544385808224720e-07
9.990000000000000000e+02 8.645287490701019700e-07
1.000000000000000000e+03 8.636049475494934895e-07
1.001000000000000000e+03 8.626830273985977851e-07
1.002000000000000000e+03 8.617629819966442933e-07
1.003000000000000000e+03 8.608448047244961654e-07
1.004000000000000000e+03 8.599284889610300485e-07
1.005000000000000000e+03 8.590140280857724761e-07
1.006000000000000000e+03 8.581014154790238517e-07
1.007000000000000000e+03 8.571906445201247849e-07
1.008000000000000000e+03 8.562817085888307198e-07
1.009000000000000000e+03 8.553746010654379306e-07
1.010000000000000000e+03 8.544693153284465586e-07
1.011000000000000000e+03 8.535658447590071110e-07
1.012000000000000000e+03 8.526641829218280638e-07
1.013000000000000000e+03 8.517643241280865360e-07
1.014000000000000000e+03 8.508662628732666045e-07
1.015000000000000000e+03 8.499699936544982371e-07
1.016000000000000000e+03 8.490755109676073941e-07
1.017000000000000000e+03 8.481828093096624218e-07
1.018000000000000000e+03 8.472918831766453464e-07
1.019000000000000000e+03 8.464027270641728055e-07
1.020000000000000000e+03 8.455153354700191469e-07
1.021000000000000000e+03 8.446297028899847086e-07
1.022000000000000000e+03 8.437458238204248466e-07
1.023000000000000000e+03 8.428636927571512278e-07
1.024000000000000000e+03 8.419833041979338590e-07
1.025000000000000000e+03 8.411046526378093721e-07
1.026000000000000000e+03 8.402277325739816383e-07
1.027000000000000000e+03 8.393525385023332635e-07
1.028000000000000000e+03 8.384790649193261182e-07
1.029000000000000000e+03 8.376073063220982168e-07
1.030000000000000000e+03 8.367372572061944110e-07
1.031000000000000000e+03 8.358689120680481954e-07
1.032000000000000000e+03 8.350022654044856649e-07
1.033000000000000000e+03 8.341373117116491467e-07
1.034000000000000000e+03 8.332740454856937795e-07
1.035000000000000000e+03 8.324124612234756217e-07
1.036000000000000000e+03 8.315525534208929492e-07
1.037000000000000000e+03 8.306943165747489870e-07
1.038000000000000000e+03 8.298377451816802000e-07
1.039000000000000000e+03 8.289828337370962321e-07
1.040000000000000000e+03 8.281295767381959783e-07
1.041000000000000000e+03 8.272779686811551180e-07
1.042000000000000000e+03 8.264280040623933816e-07
1.043000000000000000e+03 8.255796773780968245e-07
1.044000000000000000e+03 8.247329831248965121e-07
1.045000000000000000e+03 8.238879157993897343e-07
1.046000000000000000e+03 8.230444698970943433e-07
1.047000000000000000e+03 8.222026399154218394e-07
1.048000000000000000e+03 8.213624203503305321e-07
1.049000000000000000e+03 8.205238056975796779e-07
1.050000000000000000e+03 8.196867904551093258e-07
1.051000000000000000e+03 8.188513692606418779e-07
1.052000000000000000e+03 8.180175373271982672e-07
1.053000000000000000e+03 8.171852900097467962e-07
1.054000000000000000e+03 8.163546226632462384e-07
1.055000000000000000e+03 8.155255306421650410e-07
1.056000000000000000e+03 8.146980093022591413e-07
1.057000000000000000e+03 8.138720539989565688e-07
1.058000000000000000e+03 8.130476600857605769e-07
1.059000000000000000e+03 8.122248229193888028e-07
1.060000000000000000e+03 8.114035378542389665e-07
1.061000000000000000e+03 8.105838002447229757e-07
1.062000000000000000e+03 8.097656054470195431e-07
1.063000000000000000e+03 8.089489488158056977e-07
1.064000000000000000e+03 8.081338257054627482e-07
1.065000000000000000e+03 8.073202314718208532e-07
1.066000000000000000e+03 8.065081614694646093e-07
1.067000000000000000e+03 8.056976110540324280e-07
1.068000000000000000e+03 8.048885755800866712e-07
1.069000000000000000e+03 8.040810504028517631e-07
1.070000000000000000e+03 8.032750308771942563e-07
1.071000000000000000e+03 8.024705123582531306e-07
1.072000000000000000e+03 8.016674902009715950e-07
1.073000000000000000e+03 8.008659597607256927e-07
1.074000000000000000e+03 8.000659163923118844e-07
1.075000000000000000e+03 7.992673554511188126e-07
1.076000000000000000e+03 7.984702722915759611e-07
1.077000000000000000e+03 7.976746622688658258e-07
1.078000000000000000e+03 7.968805207389965481e-07
1.079000000000000000e+03 7.960878430556394114e-07
1.080000000000000000e+03 7.952966245750735017e-07
1.081000000000000000e+03 7.945068606514062183e-07
1.082000000000000000e+03 7.937185466398898316e-07
1.083000000000000000e+03 7.929316778964549794e-07
1.084000000000000000e+03 7.921462497745778099e-07
1.085000000000000000e+03 7.913622576307138037e-07
1.086000000000000000e+03 7.905796968195597892e-07
1.087000000000000000e+03 7.897985626952087663e-07
1.088000000000000000e+03 7.890188506138884697e-07
1.089000000000000000e+03 7.882405559303121391e-07
1.090000000000000000e+03 7.874636741171815273e-07
1.091000000000000000e+03 7.866882011164793100e-07
1.092000000000000000e+03 7.859141329888656312e-07
1.093000000000000000e+03 7.851414657944300525e-07
1.094000000000000000e+03 7.843701955927632331e-07
1.095000000000000000e+03 7.836003184440748014e-07
1.096000000000000000e+03 7.828318304087296047e-07
1.097000000000000000e+03 7.820647275467909466e-07
1.098000000000000000e+03 7.812990059180878201e-07
1.099000000000000000e+03 7.805346615828030662e-07
1.100000000000000000e+03 7.797716906015341487e-07
1.101000000000000000e+03 7.790100890332833564e-07
1.102000000000000000e+03 7.782498529391554199e-07
1.103000000000000000e+03 7.774909783782758714e-07
1.104000000000000000e+03 7.767334614114779673e-07
1.105000000000000000e+03 7.759772980987816008e-07
1.106000000000000000e+03 7.752224844999782837e-07
1.107000000000000000e+03 7.744690166752100936e-07
1.108000000000000000e+03 7.737168906850290721e-07
1.109000000000000000e+03 7.729661025889283636e-07
1.110000000000000000e+03 7.722166484469427902e-07
1.111000000000000000e+03 7.714685243191996064e-07
1.112000000000000000e+03 7.707217262664886583e-07
1.113000000000000000e+03 7.699762503477870355e-07
1.114000000000000000e+03 7.692320926238786548e-07
1.115000000000000000e+03 7.684892491548777477e-07
1.116000000000000000e+03 7.677477160008010309e-07
1.117000000000000000e+03 7.670074892216319750e-07
1.118000000000000000e+03 7.662685648773852851e-07
1.119000000000000000e+03 7.655309390276663375e-07
1.120000000000000000e+03 7.647946077337405873e-07
1.121000000000000000e+03 7.640595670545845947e-07
1.122000000000000000e+03 7.633258130509582420e-07
1.123000000000000000e+03 7.625933417829622081e-07
1.124000000000000000e+03 7.618621493101065781e-07
1.125000000000000000e+03 7.611322316928665253e-07
1.126000000000000000e+03 7.604035849912497668e-07
1.127000000000000000e+03 7.596762052653567695e-07
1.128000000000000000e+03 7.589500885749498228e-07
1.129000000000000000e+03 7.582252310770314452e-07
1.130000000000000000e+03 7.575016293111759033e-07
1.131000000000000000e+03 7.567792799145131069e-07
1.132000000000000000e+03 7.560581795234307533e-07
1.133000000000000000e+03 7.553383247741235220e-07
1.134000000000000000e+03 7.546197123041104286e-07
1.135000000000000000e+03 7.539023387498403686e-07
1.136000000000000000e+03 7.531862007467520445e-07
1.137000000000000000e+03 7.524712949327345196e-07
1.138000000000000000e+03 7.517576179437957026e-07
1.139000000000000000e+03 7.510451664170324691e-07
1.140000000000000000e+03 7.503339369882593926e-07
1.141000000000000000e+03 7.496239262944805986e-07
1.142000000000000000e+03 7.489151309720076573e-07
1.143000000000000000e+03 7.482075476579567141e-07
1.144000000000000000e+03 7.475011729888550151e-07
1.145000000000000000e+03 7.467960036006967046e-07
1.146000000000000000e+03 7.460920361304327570e-07
1.147000000000000000e+03 7.453892672150596743e-07
1.148000000000000000e+03 7.446876934902407288e-07
1.149000000000000000e+03 7.439873115936973770e-07
1.150000000000000000e+03 7.432881181609694361e-07
1.151000000000000000e+03 7.425901098292762839e-07
1.152000000000000000e+03 7.418932832351877296e-07
1.153000000000000000e+03 7.411976350146793889e-07
1.154000000000000000e+03 7.405031618055467279e-07
1.155000000000000000e+03 7.398098602432024029e-07
1.156000000000000000e+03 7.391177269645074968e-07
1.157000000000000000e+03 7.384267586064011251e-07
1.158000000000000000e+03 7.377369518054816845e-07
1.159000000000000000e+03 7.370483031980602159e-07
1.160000000000000000e+03 7.363608094206793175e-07
1.161000000000000000e+03 7.356744671101608968e-07
1.162000000000000000e+03 7.349892729031886892e-07
1.163000000000000000e+03 7.343052234358946937e-07
1.164000000000000000e+03 7.336223153453044233e-07
1.165000000000000000e+03 7.329405452679898050e-07
1.166000000000000000e+03 7.322599098405852344e-07
1.167000000000000000e+03 7.315804056989142847e-07
1.168000000000000000e+03 7.309020295599566616e-07
1.169000000000000000e+03 7.302247784554922894e-07
1.170000000000000000e+03 7.295486494978649369e-07
1.171000000000000000e+03 7.288736397987629813e-07
1.172000000000000000e+03 7.281997464706374468e-07
1.173000000000000000e+03 7.275269666244565209e-07
1.174000000000000000e+03 7.268552973729478901e-07
1.175000000000000000e+03 7.261847358278980814e-07
1.176000000000000000e+03 7.255152791011091862e-07
1.177000000000000000e+03 7.248469243039880490e-07
1.178000000000000000e+03 7.241796685494002109e-07
1.179000000000000000e+03 7.235135089485376878e-07
1.180000000000000000e+03 7.228484426132297819e-07
1.181000000000000000e+03 7.221844666564279022e-07
1.182000000000000000e+03 7.215215781886431560e-07
1.183000000000000000e+03 7.208597743229432077e-07
1.184000000000000000e+03 7.201990521704924386e-07
1.185000000000000000e+03 7.195394088432930515e-07
1.186000000000000000e+03 7.188808414537708717e-07
1.187000000000000000e+03 7.182233471130323646e-07
1.188000000000000000e+03 7.175669229340286216e-07
1.189000000000000000e+03 7.169115660275857404e-07
1.190000000000000000e+03 7.162572735064512069e-07
1.191000000000000000e+03 7.156040424822231892e-07
1.192000000000000000e+03 7.149518700667240015e-07
1.193000000000000000e+03 7.143007533720390676e-07
1.194000000000000000e+03 7.136506895096758172e-07
1.195000000000000000e+03 7.130016755919268795e-07
1.196000000000000000e+03 7.123537087310252739e-07
1.197000000000000000e+03 7.117067860378729073e-07
1.198000000000000000e+03 7.110609046255887956e-07
1.199000000000000000e+03 7.104160616051660076e-07
1.200000000000000000e+03 7.097722540885794294e-07
1.201000000000000000e+03 7.091294791883837411e-07
1.202000000000000000e+03 7.084877340160093981e-07
1.203000000000000000e+03 7.078470156835473302e-07
1.204000000000000000e+03 7.072073213029178954e-07
1.205000000000000000e+03 7.065686479859109031e-07
1.206000000000000000e+03 7.059309928442275419e-07
1.207000000000000000e+03 7.052943530554513286e-07
1.208000000000000000e+03 7.046587260595833637e-07
1.209000000000000000e+03 7.040241093610565320e-07
1.210000000000000000e+03 7.033905004647776335e-07
1.211000000000000000e+03 7.027578968761570290e-07
1.212000000000000000e+03 7.021262960998561965e-07
1.213000000000000000e+03 7.014956956411080435e-07
1.214000000000000000e+03 7.008660930048936970e-07
1.215000000000000000e+03 7.002374856959792436e-07
1.216000000000000000e+03 6.996098712193748211e-07
1.217000000000000000e+03 6.989832470803663824e-07
1.218000000000000000e+03 6.983576107837013795e-07
1.219000000000000000e+03 6.977329598348939347e-07
1.220000000000000000e+03 6.971092917381420930e-07
1.221000000000000000e+03 6.964866039989002612e-07
1.222000000000000000e+03 6.958648941217991064e-07
1.223000000000000000e+03 6.952441596123650329e-07
1.224000000000000000e+03 6.946243979753695272e-07
1.225000000000000000e+03 6.940056067161244827e-07
1.226000000000000000e+03 6.933877833388390615e-07
1.227000000000000000e+03 6.927709253491650292e-07
1.228000000000000000e+03 6.921550302517190767e-07
1.229000000000000000e+03 6.915400955517873688e-07
1.230000000000000000e+03 6.909261187541083576e-07
1.231000000000000000e+03 6.903130973637382383e-07
1.232000000000000000e+03 6.897010288860812309e-07
1.233000000000000000e+03 6.890899108256814993e-07
1.234000000000000000e+03 6.884797406874983594e-07
1.235000000000000000e+03 6.878705159769367722e-07
1.236000000000000000e+03 6.872622341986431809e-07
1.237000000000000000e+03 6.866548928577747895e-07
1.238000000000000000e+03 6.860484894592087516e-07
1.239000000000000000e+03 6.854430215079866512e-07
1.240000000000000000e+03 6.848384865093447841e-07
1.241000000000000000e+03 6.842348819679294873e-07
1.242000000000000000e+03 6.836322053886490432e-07
1.243000000000000000e+03 6.830304542767035366e-07
1.244000000000000000e+03 6.824296261372083493e-07
1.245000000000000000e+03 6.818297184752280411e-07
1.246000000000000000e+03 6.812307288491870710e-07
1.247000000000000000e+03 6.806326550327769689e-07
1.248000000000000000e+03 6.800354948536397576e-07
1.249000000000000000e+03 6.794392461390384126e-07
1.250000000000000000e+03 6.788439067158855558e-07
1.251000000000000000e+03 6.782494744119795933e-07
1.252000000000000000e+03 6.776559470544215058e-07
1.253000000000000000e+03 6.770633224708495045e-07
1.254000000000000000e+03 6.764715984886620903e-07
1.255000000000000000e+03 6.758807729350486528e-07
1.256000000000000000e+03 6.752908436374165867e-07
1.257000000000000000e+03 6.747018084230189150e-07
1.258000000000000000e+03 6.741136651189837235e-07
1.259000000000000000e+03 6.735264115535307113e-07
1.260000000000000000e+03 6.729400455532214050e-07
1.261000000000000000e+03 6.723545649457634726e-07
1.262000000000000000e+03 6.717699675584520767e-07
1.263000000000000000e+03 6.711862512185938154e-07
1.264000000000000000e+03 6.706034137535347793e-07
1.265000000000000000e+03 6.700214529906857513e-07
1.266000000000000000e+03 6.694403667575501586e-07
1.267000000000000000e+03 6.688601528813583658e-07
1.268000000000000000e+03 6.682808091894881217e-07
1.269000000000000000e+03 6.677023335094896520e-07
1.270000000000000000e+03 6.671247236683331764e-07
1.271000000000000000e+03 6.665479774932172961e-07
1.272000000000000000e+03 6.659720928123702867e-07
1.273000000000000000e+03 6.653970674523571686e-07
1.274000000000000000e+03 6.648228992412129880e-07
1.275000000000000000e+03 6.642495860053697812e-07
1.276000000000000000e+03 6.636771255731649851e-07
1.277000000000000000e+03 6.631055157713889309e-07
1.278000000000000000e+03 6.625347544276293256e-07
1.279000000000000000e+03 6.619648393691408861e-07
1.280000000000000000e+03 6.613957684232568919e-07
1.281000000000000000e+03 6.608275394174154426e-07
1.282000000000000000e+03 6.602601501788028574e-07
1.283000000000000000e+03 6.596935985351454389e-07
1.284000000000000000e+03 6.591278823135881075e-07
1.285000000000000000e+03 6.585629993874931835e-07
1.286000000000000000e+03 6.579989478146721406e-07
1.287000000000000000e+03 6.574357256983879228e-07
1.288000000000000000e+03 6.568733311431241544e-07
1.289000000000000000e+03 6.563117622519548912e-07
1.290000000000000000e+03 6.557510171284638909e-07
1.291000000000000000e+03 6.551910938771402836e-07
1.292000000000000000e+03 6.546319906007610281e-07
1.293000000000000000e+03 6.540737054034319721e-07
1.294000000000000000e+03 6.535162363887248031e-07
1.295000000000000000e+03 6.529595816608271075e-07
1.296000000000000000e+03 6.524037393226909683e-07
1.297000000000000000e+03 6.518487074783048131e-07
1.298000000000000000e+03 6.512944842315893070e-07
1.299000000000000000e+03 6.507410676860490103e-07
1.300000000000000000e+03 6.501884559451690012e-07
1.301000000000000000e+03 6.496366471131794297e-07
1.302000000000000000e+03 6.490856392932203140e-07
1.303000000000000000e+03 6.485354305895909429e-07
1.304000000000000000e+03 6.479860191051789191e-07
1.305000000000000000e+03 6.474374029444422440e-07
1.306000000000000000e+03 6.468895802104746670e-07
1.307000000000000000e+03 6.463425490072441811e-07
1.308000000000000000e+03 6.457963074385065975e-07
1.309000000000000000e+03 6.452508536078297922e-07
1.310000000000000000e+03 6.447061856193493649e-07
1.311000000000000000e+03 6.441623015759588473e-07
1.312000000000000000e+03 6.436191995818953773e-07
1.313000000000000000e+03 6.430768777405654708e-07
1.314000000000000000e+03 6.425353341560288124e-07
1.315000000000000000e+03 6.419945669319247463e-07
1.316000000000000000e+03 6.414545741714984288e-07
1.317000000000000000e+03 6.409153539787112884e-07
1.318000000000000000e+03 6.403769044575338594e-07
1.319000000000000000e+03 6.398392237112470852e-07
1.320000000000000000e+03 6.393023098439090620e-07
1.321000000000000000e+03 6.387661609585734107e-07
1.322000000000000000e+03 6.382307751598321761e-07
1.323000000000000000e+03 6.376961505505981598e-07
1.324000000000000000e+03 6.371622852744018287e-07
1.325000000000000000e+03 6.366291776316898911e-07
1.326000000000000000e+03 6.360968259622569123e-07
1.327000000000000000e+03 6.355652286061039218e-07
1.328000000000000000e+03 6.350343839027447992e-07
1.329000000000000000e+03 6.345042901926500420e-07
1.330000000000000000e+03 6.339749458154833488e-07
1.331000000000000000e+03 6.334463491108363145e-07
1.332000000000000000e+03 6.329184984189538082e-07
1.333000000000000000e+03 6.323913920796894756e-07
1.334000000000000000e+03 6.318650284332313289e-07
1.335000000000000000e+03 6.313394058187099651e-07
1.336000000000000000e+03 6.308145225766867260e-07
1.337000000000000000e+03 6.302903770467030200e-07
1.338000000000000000e+03 6.297669675687092662e-07
1.339000000000000000e+03 6.292442924827305287e-07
1.340000000000000000e+03 6.287223501285343736e-07
1.341000000000000000e+03 6.282011388460002809e-07
1.342000000000000000e+03 6.276806569751379624e-07
1.343000000000000000e+03 6.271609028561037721e-07
1.344000000000000000e+03 6.266418748281759029e-07
1.345000000000000000e+03 6.261235712315148380e-07
1.346000000000000000e+03 6.256059904061344184e-07
1.347000000000000000e+03 6.250891306919221712e-07
1.348000000000000000e+03 6.245729904290037455e-07
1.349000000000000000e+03 6.240575679563790837e-07
1.350000000000000000e+03 6.235428616150498789e-07
1.351000000000000000e+03 6.230288697442389490e-07
1.352000000000000000e+03 6.225155906838253508e-07
1.353000000000000000e+03 6.220030227740155192e-07
1.354000000000000000e+03 6.214911643546734761e-07
1.355000000000000000e+03 6.209800137653416885e-07
1.356000000000000000e+03 6.204695693462855661e-07
1.357000000000000000e+03 6.199598294374835861e-07
1.358000000000000000e+03 6.194507923783069031e-07
1.359000000000000000e+03 6.189424565092411553e-07
1.360000000000000000e+03 6.184348201695210191e-07
1.361000000000000000e+03 6.179278816998671844e-07
1.362000000000000000e+03 6.174216394394494236e-07
1.363000000000000000e+03 6.169160917624140408e-07
1.364000000000000000e+03 6.164112371761871272e-07
1.365000000000000000e+03 6.159070742224565156e-07
1.366000000000000000e+03 6.154036014429528139e-07
1.367000000000000000e+03 6.149008173794640166e-07
1.368000000000000000e+03 6.143987205731808541e-07
1.369000000000000000e+03 6.138973095657206435e-07
1.370000000000000000e+03 6.133965828991397829e-07
1.371000000000000000e+03 6.128965391146108974e-07
1.372000000000000000e+03 6.123971767537775621e-07
1.373000000000000000e+03 6.118984943584347597e-07
1.374000000000000000e+03 6.114004904698765583e-07
1.375000000000000000e+03 6.109031636299126578e-07
1.376000000000000000e+03 6.104065123802162795e-07
1.377000000000000000e+03 6.099105352620091763e-07
1.378000000000000000e+03 6.094152308174035446e-07
1.379000000000000000e+03 6.089205975877592036e-07
1.380000000000000000e+03 6.084266341143646102e-07
1.381000000000000000e+03 6.079333389391106731e-07
1.382000000000000000e+03 6.074407106035148658e-07
1.383000000000000000e+03 6.069487476493966286e-07
1.384000000000000000e+03 6.064574486182346833e-07
1.385000000000000000e+03 6.059668120511839729e-07
1.386000000000000000e+03 6.054768364904010572e-07
1.387000000000000000e+03 6.049875204774206676e-07
1.388000000000000000e+03 6.044988625535001325e-07
1.389000000000000000e+03 6.040108612606135818e-07
1.390000000000000000e+03 6.035235151401615983e-07
1.391000000000000000e+03 6.030368227336400558e-07
1.392000000000000000e+03 6.025507825826533545e-07
1.393000000000000000e+03 6.020653932292533395e-07
1.394000000000000000e+03 6.015806532143348091e-07
1.395000000000000000e+03 6.010965610799179505e-07
1.396000000000000000e+03 6.006131153675435305e-07
1.397000000000000000e+03 6.001303146189351689e-07
1.398000000000000000e+03 5.996481573753709465e-07
1.399000000000000000e+03 5.991666421786627863e-07
1.400000000000000000e+03 5.986857675702070358e-07
1.401000000000000000e+03 5.982055320916421883e-07
1.402000000000000000e+03 5.977259343123327721e-07
1.403000000000000000e+03 5.972469729111627700e-07
1.404000000000000000e+03 5.967686465942298510e-07
1.405000000000000000e+03 5.962909540679470979e-07
1.406000000000000000e+03 5.958138940393722917e-07
1.407000000000000000e+03 5.953374652143124632e-07
1.408000000000000000e+03 5.948616662992469755e-07
1.409000000000000000e+03 5.943864960010185691e-07
1.410000000000000000e+03 5.939119530258971783e-07
1.411000000000000000e+03 5.934380360799120741e-07
1.412000000000000000e+03 5.929647438701261197e-07
1.413000000000000000e+03 5.924920751024398370e-07
1.414000000000000000e+03 5.920200284834973373e-07
1.415000000000000000e+03 5.915486027197527845e-07
1.416000000000000000e+03 5.910777965177978797e-07
1.417000000000000000e+03 5.906076085834358419e-07
1.418000000000000000e+03 5.901380376238851765e-07
1.419000000000000000e+03 5.896690823452887630e-07
1.420000000000000000e+03 5.892007414539786866e-07
1.421000000000000000e+03 5.887330136561779774e-07
1.422000000000000000e+03 5.882658976586340843e-07
1.423000000000000000e+03 5.877993921680086946e-07
1.424000000000000000e+03 5.873334958902711517e-07
1.425000000000000000e+03 5.868682075319532289e-07
1.426000000000000000e+03 5.864035257995403247e-07
1.427000000000000000e+03 5.859394493994843796e-07
1.428000000000000000e+03 5.854759770382168994e-07
1.429000000000000000e+03 5.850131074221612373e-07
1.430000000000000000e+03 5.845508392574395204e-07
1.431000000000000000e+03 5.840891712511121766e-07
1.432000000000000000e+03 5.836281021093485549e-07
1.433000000000000000e+03 5.831676305383614150e-07
1.434000000000000000e+03 5.827077552447258348e-07
1.435000000000000000e+03 5.822484749350831727e-07
1.436000000000000000e+03 5.817897883152409888e-07
1.437000000000000000e+03 5.813316940923186856e-07
1.438000000000000000e+03 5.808741909726259022e-07
1.439000000000000000e+03 5.804172776622872008e-07
1.440000000000000000e+03 5.799609528678609305e-07
1.441000000000000000e+03 5.795052153196322096e-07
1.442000000000000000e+03 5.790500638442327661e-07
1.443000000000000000e+03 5.785954972913152010e-07
1.444000000000000000e+03 5.781415145114222414e-07
1.445000000000000000e+03 5.776881143541871125e-07
1.446000000000000000e+03 5.772352956704537672e-07
1.447000000000000000e+03 5.767830573101797386e-07
1.448000000000000000e+03 5.763313981230522503e-07
1.449000000000000000e+03 5.758803169599963586e-07
1.450000000000000000e+03 5.754298126704893290e-07
1.451000000000000000e+03 5.749798841049681150e-07
1.452000000000000000e+03 5.745305301136410773e-07
1.453000000000000000e+03 5.740817495467992681e-07
1.454000000000000000e+03 5.736335412542316610e-07
1.455000000000000000e+03 5.731859040864266667e-07
1.456000000000000000e+03 5.727388368933924285e-07
1.457000000000000000e+03 5.722923385252634035e-07
1.458000000000000000e+03 5.718464078323102092e-07
1.459000000000000000e+03 5.714010436646537500e-07
1.460000000000000000e+03 5.709562448725723728e-07
1.461000000000000000e+03 5.705120103059232371e-07
1.462000000000000000e+03 5.700683388150366763e-07
1.463000000000000000e+03 5.696252292501371446e-07
1.464000000000000000e+03 5.691826804613553934e-07
1.465000000000000000e+03 5.687406912990310734e-07
1.466000000000000000e+03 5.682992606128466435e-07
1.467000000000000000e+03 5.678583872533008910e-07
1.468000000000000000e+03 5.674180700708399809e-07
1.469000000000000000e+03 5.669783079149952827e-07
1.470000000000000000e+03 5.665390996361443520e-07
1.471000000000000000e+03 5.661004440846446272e-07
1.472000000000000000e+03 5.656623401105546500e-07
1.473000000000000000e+03 5.652247865639359266e-07
1.474000000000000000e+03 5.647877822951527777e-07
1.475000000000000000e+03 5.643513261543034496e-07
1.476000000000000000e+03 5.639154169915205994e-07
1.477000000000000000e+03 5.634800536566936798e-07
1.478000000000000000e+03 5.630452350003440301e-07
1.479000000000000000e+03 5.626109598727690554e-07
1.480000000000000000e+03 5.621772271438346333e-07
1.481000000000000000e+03 5.617440357644002497e-07
1.482000000000000000e+03 5.613113847051776192e-07
1.483000000000000000e+03 5.608792729371905882e-07
1.484000000000000000e+03 5.604476994309281015e-07
1.485000000000000000e+03 5.600166631572112470e-07
1.486000000000000000e+03 5.595861630871996079e-07
1.487000000000000000e+03 5.591561981915479360e-07
1.488000000000000000e+03 5.587267674407001775e-07
1.489000000000000000e+03 5.582978698057522825e-07
1.490000000000000000e+03 5.578695042576063362e-07
1.491000000000000000e+03 5.574416697667002499e-07
1.492000000000000000e+03 5.570143653041477612e-07
1.493000000000000000e+03 5.565875898406163273e-07
1.494000000000000000e+03 5.561613423469020485e-07
1.495000000000000000e+03 5.557356217939382445e-07
1.496000000000000000e+03 5.553104271522421298e-07
1.497000000000000000e+03 5.548857573927679883e-07
1.498000000000000000e+03 5.544616114863528953e-07
1.499000000000000000e+03 5.540379884037275181e-07
1.500000000000000000e+03 5.536148871155254323e-07
1.501000000000000000e+03 5.531923065928508465e-07
1.502000000000000000e+03 5.527702458064487214e-07
1.503000000000000000e+03 5.523487037269948786e-07
1.504000000000000000e+03 5.519276793251058475e-07
1.505000000000000000e+03 5.515071715721789099e-07
1.506000000000000000e+03 5.510871794381821915e-07
1.507000000000000000e+03 5.506677018947143562e-07
1.508000000000000000e+03 5.502487379119649229e-07
1.509000000000000000e+03 5.498302864609393149e-07
1.510000000000000000e+03 5.494123465126359675e-07
1.511000000000000000e+03 5.489949170377807832e-07
1.512000000000000000e+03 5.485779970068372958e-07
1.513000000000000000e+03 5.481615853908406808e-07
1.514000000000000000e+03 5.477456811605814269e-07
1.515000000000000000e+03 5.473302832868885628e-07
1.516000000000000000e+03 5.469153907403661239e-07
1.517000000000000000e+03 5.465010024922217629e-07
1.518000000000000000e+03 5.460871175126365282e-07
1.519000000000000000e+03 5.456737347906461039e-07
1.520000000000000000e+03 5.452608533845766460e-07
1.521000000000000000e+03 5.448484723713843761e-07
1.522000000000000000e+03 5.444365908267559198e-07
1.523000000000000000e+03 5.440252078278300345e-07
1.524000000000000000e+03 5.436143224504938807e-07
1.525000000000000000e+03 5.432039337715583081e-07
1.526000000000000000e+03 5.427940408671419289e-07
1.527000000000000000e+03 5.423846428140304998e-07
1.528000000000000000e+03 5.419757386883349035e-07
1.529000000000000000e+03 5.415673275665788460e-07
1.530000000000000000e+03 5.411594085251670246e-07
1.531000000000000000e+03 5.407519806403934933e-07
1.532000000000000000e+03 5.403450429889860928e-07
1.533000000000000000e+03 5.399385946473092864e-07
1.534000000000000000e+03 5.395326346913743249e-07
1.535000000000000000e+03 5.391271621981826407e-07
1.536000000000000000e+03 5.387221762438632220e-07
1.537000000000000000e+03 5.383176759050153723e-07
1.538000000000000000e+03 5.379136602576525656e-07
1.539000000000000000e+03 5.375101283785377946e-07
1.540000000000000000e+03 5.371070793441294375e-07
1.541000000000000000e+03 5.367045122305891993e-07
1.542000000000000000e+03 5.363024261145855223e-07
1.543000000000000000e+03 5.359008200725057401e-07
1.544000000000000000e+03 5.354996931807298803e-07
1.545000000000000000e+03 5.350990445153745433e-07
1.546000000000000000e+03 5.346988731536166032e-07
1.547000000000000000e+03 5.342991781710701582e-07
1.548000000000000000e+03 5.338999586446865596e-07
1.549000000000000000e+03 5.335012136506598056e-07
1.550000000000000000e+03 5.331029422654850145e-07
1.551000000000000000e+03 5.327051435657024091e-07
1.552000000000000000e+03 5.323078166273842266e-07
1.553000000000000000e+03 5.319109605274461371e-07
1.554000000000000000e+03 5.315145743418304641e-07
1.555000000000000000e+03 5.311186571473369402e-07
1.556000000000000000e+03 5.307232080200686132e-07
1.557000000000000000e+03 5.303282260364812145e-07
1.558000000000000000e+03 5.299337102886494452e-07
1.559000000000000000e+03 5.295396599280950024e-07
1.560000000000000000e+03 5.291460741225804866e-07
1.561000000000000000e+03 5.287529520390072780e-07
1.562000000000000000e+03 5.283602928452271274e-07
1.563000000000000000e+03 5.279680957079877844e-07
1.564000000000000000e+03 5.275763597952570433e-07
1.565000000000000000e+03 5.271850842736578221e-07
1.566000000000000000e+03 5.267942683110443070e-07
1.567000000000000000e+03 5.264039110747102661e-07
1.568000000000000000e+03 5.260140117313999546e-07
1.569000000000000000e+03 5.256245694491036134e-07
1.570000000000000000e+03 5.252355833950182371e-07
1.571000000000000000e+03 5.248470527360688168e-07
1.572000000000000000e+03 5.244589766399320850e-07
1.573000000000000000e+03 5.240713542737706258e-07
1.574000000000000000e+03 5.236841848052563014e-07
1.575000000000000000e+03 5.232974674010542755e-07
1.576000000000000000e+03 5.229112012291129667e-07
1.577000000000000000e+03 5.225253854563886004e-07
1.578000000000000000e+03 5.221400192501197817e-07
1.579000000000000000e+03 5.217551017780842518e-07
1.580000000000000000e+03 5.213706322073444331e-07
1.581000000000000000e+03 5.209866097050117697e-07
1.582000000000000000e+03 5.206030334387561121e-07
1.583000000000000000e+03 5.202199025755541206e-07
1.584000000000000000e+03 5.198372162832031241e-07
1.585000000000000000e+03 5.194549737285732684e-07
1.586000000000000000e+03 5.190731740791162931e-07
1.587000000000000000e+03 5.186918165023711822e-07
1.588000000000000000e+03 5.183109001652226928e-07
1.589000000000000000e+03 5.179304242354037794e-07
1.590000000000000000e+03 5.175503878800076750e-07
1.591000000000000000e+03 5.171707902664895074e-07
1.592000000000000000e+03 5.167916305619284276e-07
1.593000000000000000e+03 5.164129079340255207e-07
1.594000000000000000e+03 5.160346215498708432e-07
1.595000000000000000e+03 5.156567705766948474e-07
1.596000000000000000e+03 5.152793541818738870e-07
1.597000000000000000e+03 5.149023715469685178e-07
1.598000000000000000e+03 5.145258219079700561e-07
1.599000000000000000e+03 5.141497045156715074e-07
1.600000000000000000e+03 5.137740186203735392e-07
1.601000000000000000e+03 5.133987634723833834e-07
1.602000000000000000e+03 5.130239383225101392e-07
1.603000000000000000e+03 5.126495424210898376e-07
1.604000000000000000e+03 5.122755750184823326e-07
1.605000000000000000e+03 5.119020353650771243e-07
1.606000000000000000e+03 5.115289227112989704e-07
1.607000000000000000e+03 5.111562363076130748e-07
1.608000000000000000e+03 5.107839754045312277e-07
1.609000000000000000e+03 5.104121392523745314e-07
1.610000000000000000e+03 5.100407271017642554e-07
1.611000000000000000e+03 5.096697382031431570e-07
1.612000000000000000e+03 5.092991718065393708e-07
1.613000000000000000e+03 5.089290271630236231e-07
1.614000000000000000e+03 5.085593035225389218e-07
1.615000000000000000e+03 5.081900001355983279e-07
1.616000000000000000e+03 5.078211162528062761e-07
1.617000000000000000e+03 5.074526511246241585e-07
1.618000000000000000e+03 5.070846040013759358e-07
1.619000000000000000e+03 5.067169741334952599e-07
1.620000000000000000e+03 5.063497607715299200e-07
1.621000000000000000e+03 5.059829631656688812e-07
1.622000000000000000e+03 5.056165805664664975e-07
1.623000000000000000e+03 5.052506122246074597e-07
1.624000000000000000e+03 5.048850573901974062e-07
1.625000000000000000e+03 5.045199153139610503e-07
1.626000000000000000e+03 5.041551852460566520e-07
1.627000000000000000e+03 5.037908664372712876e-07
1.628000000000000000e+03 5.034269581376006928e-07
1.629000000000000000e+03 5.030634595976797953e-07
1.630000000000000000e+03 5.027003700683125061e-07
1.631000000000000000e+03 5.023376887992944494e-07
1.632000000000000000e+03 5.019754150415481208e-07
1.633000000000000000e+03 5.016135480452369683e-07
1.634000000000000000e+03 5.012520870609520859e-07
1.635000000000000000e+03 5.008910313390098113e-07
1.636000000000000000e+03 5.005303801418942162e-07
1.637000000000000000e+03 5.001701327805082109e-07
1.638000000000000000e+03 4.998102885769054708e-07
1.639000000000000000e+03 4.994508468539429765e-07
1.640000000000000000e+03 4.990918069343462062e-07
1.641000000000000000e+03 4.987331681402500450e-07
1.642000000000000000e+03 4.983749297948366278e-07
1.643000000000000000e+03 4.980170912202406277e-07
1.644000000000000000e+03 4.976596517389550127e-07
1.645000000000000000e+03 4.973026106740656739e-07
1.646000000000000000e+03 4.969459673478620794e-07
1.647000000000000000e+03 4.965897210827732463e-07
1.648000000000000000e+03 4.962338712016028978e-07
1.649000000000000000e+03 4.958784170268399783e-07
1.650000000000000000e+03 4.955233578813563974e-07
1.651000000000000000e+03 4.951686930872588757e-07
1.652000000000000000e+03 4.948144219675086848e-07
1.653000000000000000e+03 4.944605438443123895e-07
1.654000000000000000e+03 4.941070580407394696e-07
1.655000000000000000e+03 4.937539638791152865e-07
1.656000000000000000e+03 4.934012606819479487e-07
1.657000000000000000e+03 4.930489477717032133e-07
1.658000000000000000e+03 4.926970244714938646e-07
1.659000000000000000e+03 4.923454901034852807e-07
1.660000000000000000e+03 4.919943439902720734e-07
1.661000000000000000e+03 4.916435854546533072e-07
1.662000000000000000e+03 4.912932138189545553e-07
1.663000000000000000e+03 4.909432284059426947e-07
1.664000000000000000e+03 4.905936285379223347e-07
1.665000000000000000e+03 4.902444135381017623e-07
1.666000000000000000e+03 4.898955827283302006e-07
1.667000000000000000e+03 4.895471354315966612e-07
1.668000000000000000e+03 4.891990709704476869e-07
1.669000000000000000e+03 4.888513886674459142e-07
1.670000000000000000e+03 4.885040878451752610e-07
1.671000000000000000e+03 4.881571678262448449e-07
1.672000000000000000e+03 4.878106279332943822e-07
1.673000000000000000e+03 4.874644674885498137e-07
1.674000000000000000e+03 4.871186858149505997e-07
1.675000000000000000e+03 4.867732822457756139e-07
1.676000000000000000e+03 4.864282561565524628e-07
1.677000000000000000e+03 4.860836069339982703e-07
1.678000000000000000e+03 4.857393339645833555e-07
1.679000000000000000e+03 4.853954366347597208e-07
1.680000000000000000e+03 4.850519143309654984e-07
1.681000000000000000e+03 4.847087664398522726e-07
1.682000000000000000e+03 4.843659923478429290e-07
1.683000000000000000e+03 4.840235914411385364e-07
1.684000000000000000e+03 4.836815631068305011e-07
1.685000000000000000e+03 4.833399067306882227e-07
1.686000000000000000e+03 4.829986216998219539e-07
1.687000000000000000e+03 4.826577074004725741e-07
1.688000000000000000e+03 4.823171632189030914e-07
1.689000000000000000e+03 4.819769885420626105e-07
1.690000000000000000e+03 4.816371827560476975e-07
1.691000000000000000e+03 4.812977452476494855e-07
1.692000000000000000e+03 4.809586754030366443e-07
1.693000000000000000e+03 4.806199726090791869e-07
1.694000000000000000e+03 4.802816362518153401e-07
1.695000000000000000e+03 4.799436657182109375e-07
1.696000000000000000e+03 4.796060603944101908e-07
1.697000000000000000e+03 4.792688196670540965e-07
1.698000000000000000e+03 4.789319429226279029e-07
1.699000000000000000e+03 4.785954295476840917e-07
1.700000000000000000e+03 4.782592789284114496e-07
1.701000000000000000e+03 4.779234904515098420e-07
1.702000000000000000e+03 4.775880635035404324e-07
1.703000000000000000e+03 4.772529974709318240e-07
1.704000000000000000e+03 4.769182917402001817e-07
1.705000000000000000e+03 4.765839456977378980e-07
1.706000000000000000e+03 4.762499587302493379e-07
1.707000000000000000e+03 4.759163302238915246e-07
1.708000000000000000e+03 4.755830595653578117e-07
1.709000000000000000e+03 4.752501461410188336e-07
1.710000000000000000e+03 4.749175893375728143e-07
1.711000000000000000e+03 4.745853885414047347e-07
1.712000000000000000e+03 4.742535431390201190e-07
1.713000000000000000e+03 4.739220525168352352e-07
1.714000000000000000e+03 4.735909160705862550e-07
1.715000000000000000e+03 4.732601332323939678e-07
1.716000000000000000e+03 4.729297034438992312e-07
1.717000000000000000e+03 4.725996261466268062e-07
1.718000000000000000e+03 4.722699007817759814e-07
1.719000000000000000e+03 4.719405267908651652e-07
1.720000000000000000e+03 4.716115036153083689e-07
1.721000000000000000e+03 4.712828306968435412e-07
1.722000000000000000e+03 4.709545074764763708e-07
1.723000000000000000e+03 4.706265333961794873e-07
1.724000000000000000e+03 4.702989078967787439e-07
1.725000000000000000e+03 4.699716304202843571e-07
1.726000000000000000e+03 4.696447004077805252e-07
1.727000000000000000e+03 4.693181173009072585e-07
1.728000000000000000e+03 4.689918805410210232e-07
1.729000000000000000e+03 4.686659895696192635e-07
1.730000000000000000e+03 4.683404438281338845e-07
1.731000000000000000e+03 4.680152427579355401e-07
1.732000000000000000e+03 4.676903858005465033e-07
1.733000000000000000e+03 4.673658723974349427e-07
1.734000000000000000e+03 4.670417019900185225e-07
1.735000000000000000e+03 4.667178740198774845e-07
1.736000000000000000e+03 4.663943879283401840e-07
1.737000000000000000e+03 4.660712431566968068e-07
1.738000000000000000e+03 4.657484391466185447e-07
1.739000000000000000e+03 4.654259753395367734e-07
1.740000000000000000e+03 4.651038511768551812e-07
1.741000000000000000e+03 4.647820660999534747e-07
1.742000000000000000e+03 4.644606195503983961e-07
1.743000000000000000e+03 4.641395109697395878e-07
1.744000000000000000e+03 4.638187397991001057e-07
1.745000000000000000e+03 4.634983054800081518e-07
1.746000000000000000e+03 4.631782074541917221e-07
1.747000000000000000e+03 4.628584451629639782e-07
1.748000000000000000e+03 4.625390180474353233e-07
1.749000000000000000e+03 4.622199255495438704e-07
1.750000000000000000e+03 4.619011671106195631e-07
1.751000000000000000e+03 4.615827421718007564e-07
1.752000000000000000e+03 4.612646501750618271e-07
1.753000000000000000e+03 4.609468905697510503e-07
1.754000000000000000e+03 4.606294628392914069e-07
1.755000000000000000e+03 4.603123664753007100e-07
1.756000000000000000e+03 4.599956009696064134e-07
1.757000000000000000e+03 4.596791658138404121e-07
1.758000000000000000e+03 4.593630604994435421e-07
1.759000000000000000e+03 4.590472845180762331e-07
1.760000000000000000e+03 4.587318373616200428e-07
1.761000000000000000e+03 4.584167185215725586e-07
1.762000000000000000e+03 4.581019274896595375e-07
1.763000000000000000e+03 4.577874637574324591e-07
1.764000000000000000e+03 4.574733268166770609e-07
1.765000000000000000e+03 4.571595161588100385e-07
1.766000000000000000e+03 4.568460312756898683e-07
1.767000000000000000e+03 4.565328716590145668e-07
1.768000000000000000e+03 4.562200368001241731e-07
1.769000000000000000e+03 4.559075261910103067e-07
1.770000000000000000e+03 4.555953393231123742e-07
1.771000000000000000e+03 4.552834756883252215e-07
1.772000000000000000e+03 4.549719347780000579e-07
1.773000000000000000e+03 4.546607160839492496e-07
1.774000000000000000e+03 4.543498190976488373e-07
1.775000000000000000e+03 4.540392433110413126e-07
1.776000000000000000e+03 4.537289882155402477e-07
1.777000000000000000e+03 4.534190533030309591e-07
1.778000000000000000e+03 4.531094380648781561e-07
1.779000000000000000e+03 4.528001419929239036e-07
1.780000000000000000e+03 4.524911645786951705e-07
1.781000000000000000e+03 4.521825053140032639e-07
1.782000000000000000e+03 4.518741636903517003e-07
1.783000000000000000e+03 4.515661391995339993e-07
1.784000000000000000e+03 4.512584313330431425e-07
1.785000000000000000e+03 4.509510395826677788e-07
1.786000000000000000e+03 4.506439634399032193e-07
1.787000000000000000e+03 4.503372023965461598e-07
1.788000000000000000e+03 4.500307559441067342e-07
1.789000000000000000e+03 4.497246235744021261e-07
1.790000000000000000e+03 4.494188047787741217e-07
1.791000000000000000e+03 4.491132990492693445e-07
1.792000000000000000e+03 4.488081058845050114e-07
1.793000000000000000e+03 4.485032248113177183e-07
1.794000000000000000e+03 4.481986553637320359e-07
1.795000000000000000e+03 4.478943970761013421e-07
1.796000000000000000e+03 4.475904494819414056e-07
1.797000000000000000e+03 4.472868121156880841e-07
1.798000000000000000e+03 4.469834845113349257e-07
1.799000000000000000e+03 4.466804662028266680e-07
1.800000000000000000e+03 4.463777567244507264e-07
1.801000000000000000e+03 4.460753556096754886e-07
1.802000000000000000e+03 4.457732623930925075e-07
1.803000000000000000e+03 4.454714766086738379e-07
1.804000000000000000e+03 4.451699977901646881e-07
1.805000000000000000e+03 4.448688254718585615e-07
1.806000000000000000e+03 4.445679591878266686e-07
1.807000000000000000e+03 4.442673984717298320e-07
1.808000000000000000e+03 4.439671428581686048e-07
1.809000000000000000e+03 4.436671918807611404e-07
1.810000000000000000e+03 4.433675450736862753e-07
1.811000000000000000e+03 4.430682019711073345e-07
1.812000000000000000e+03 4.427691621067939846e-07
1.813000000000000000e+03 4.424704250150813396e-07
1.814000000000000000e+03 4.421719902297250371e-07
1.815000000000000000e+03 4.418738572850515618e-07
1.816000000000000000e+03 4.415760257148144867e-07
1.817000000000000000e+03 4.412784950533423083e-07
1.818000000000000000e+03 4.409812648343981287e-07
1.819000000000000000e+03 4.406843345921338910e-07
1.820000000000000000e+03 4.403877038607128144e-07
1.821000000000000000e+03 4.400913721741221470e-07
1.822000000000000000e+03 4.397953390663661835e-07
1.823000000000000000e+03 4.394996040712802355e-07
1.824000000000000000e+03 4.392041667232890437e-07
1.825000000000000000e+03 4.389090265562753534e-07
1.826000000000000000e+03 4.386141831041506564e-07
1.827000000000000000e+03 4.383196359010458788e-07
1.828000000000000000e+03 4.380253844809369395e-07
1.829000000000000000e+03 4.377314283780242214e-07
1.830000000000000000e+03 4.374377671263588707e-07
1.831000000000000000e+03 4.371444002665895731e-07
1.832000000000000000e+03 4.368513273661369732e-07
1.833000000000000000e+03 4.365585479992389011e-07
1.834000000000000000e+03 4.362660617403809973e-07
1.835000000000000000e+03 4.359738681633653994e-07
1.836000000000000000e+03 4.356819668428077143e-07
1.837000000000000000e+03 4.353903573526458698e-07
1.838000000000000000e+03 4.350990392672619564e-07
1.839000000000000000e+03 4.348080121609252506e-07
1.840000000000000000e+03 4.345172756076098905e-07
1.841000000000000000e+03 4.342268291817398420e-07
1.842000000000000000e+03 4.339366724574490680e-07
1.843000000000000000e+03 4.336468050089549639e-07
1.844000000000000000e+03 4.333572264103760345e-07
1.845000000000000000e+03 4.330679362362881818e-07
1.846000000000000000e+03 4.327789340604348338e-07
1.847000000000000000e+03 4.324902194573907809e-07
1.848000000000000000e+03 4.322017920012725688e-07
1.849000000000000000e+03 4.319136512661116165e-07
1.850000000000000000e+03 4.316257968264067993e-07
1.851000000000000000e+03 4.313382282563916593e-07
1.852000000000000000e+03 4.310509451300384820e-07
1.853000000000000000e+03 4.307639470216101909e-07
1.854000000000000000e+03 4.304772335054796123e-07
1.855000000000000000e+03 4.301908041557652505e-07
1.856000000000000000e+03 4.299046585467007008e-07
1.857000000000000000e+03 4.296187962524534368e-07
1.858000000000000000e+03 4.293332168473105224e-07
1.859000000000000000e+03 4.290479199054979295e-07
1.860000000000000000e+03 4.287629050011836612e-07
1.861000000000000000e+03 4.284781717086620341e-07
1.862000000000000000e+03 4.281937196019927899e-07
1.863000000000000000e+03 4.279095482555478017e-07
1.864000000000000000e+03 4.276256572434697676e-07
1.865000000000000000e+03 4.273420461400366459e-07
1.866000000000000000e+03 4.270587145194834082e-07
1.867000000000000000e+03 4.267756619560043685e-07
1.868000000000000000e+03 4.264928880237561476e-07
1.869000000000000000e+03 4.262103922968599501e-07
1.870000000000000000e+03 4.259281743547920815e-07
1.871000000000000000e+03 4.256462337968880112e-07
1.872000000000000000e+03 4.253645702271865179e-07
1.873000000000000000e+03 4.250831832502889691e-07
1.874000000000000000e+03 4.248020724706441072e-07
1.875000000000000000e+03 4.245212374921931965e-07
1.876000000000000000e+03 4.242406779196246368e-07
1.877000000000000000e+03 4.239603933573019382e-07
1.878000000000000000e+03 4.236803834092686969e-07
1.879000000000000000e+03 4.234006476801409445e-07
1.880000000000000000e+03 4.231211857742186105e-07
1.881000000000000000e+03 4.228419972958440291e-07
1.882000000000000000e+03 4.225630818492269208e-07
1.883000000000000000e+03 4.222844390389781821e-07
1.884000000000000000e+03 4.220060684692262714e-07
1.885000000000000000e+03 4.217279697443278693e-07
1.886000000000000000e+03 4.214501424686930727e-07
1.887000000000000000e+03 4.211725862467871413e-07
1.888000000000000000e+03 4.208953006827799322e-07
1.889000000000000000e+03 4.206182853810777305e-07
1.890000000000000000e+03 4.203415399459728953e-07
1.891000000000000000e+03 4.200650639818216310e-07
1.892000000000000000e+03 4.197888570930464752e-07
1.893000000000000000e+03 4.195129188839629215e-07
1.894000000000000000e+03 4.192372489589564500e-07
1.895000000000000000e+03 4.189618469223105788e-07
1.896000000000000000e+03 4.186867123783834709e-07
1.897000000000000000e+03 4.184118449316101578e-07
1.898000000000000000e+03 4.181372441861554672e-07
1.899000000000000000e+03 4.178629097464403485e-07
1.900000000000000000e+03 4.175888412169682838e-07
1.901000000000000000e+03 4.173150382019800691e-07
1.902000000000000000e+03 4.170415003056303679e-07
1.903000000000000000e+03 4.167682271326846073e-07
1.904000000000000000e+03 4.164952182869583197e-07
1.905000000000000000e+03 4.162224733734012680e-07
1.906000000000000000e+03 4.159499919958463487e-07
1.907000000000000000e+03 4.156777737587442104e-07
1.908000000000000000e+03 4.154058182668175579e-07
1.909000000000000000e+03 4.151341251316098819e-07
1.910000000000000000e+03 4.148626939958962071e-07
1.911000000000000000e+03 4.145915245099628346e-07
1.912000000000000000e+03 4.143206163240119446e-07
1.913000000000000000e+03 4.140499690885073447e-07
1.914000000000000000e+03 4.137795824533169547e-07
1.915000000000000000e+03 4.135094560690890235e-07
1.916000000000000000e+03 4.132395895857096291e-07
1.917000000000000000e+03 4.129699826538463965e-07
1.918000000000000000e+03 4.127006349234106029e-07
1.919000000000000000e+03 4.124315460447562062e-07
1.920000000000000000e+03 4.121627156683388083e-07
1.921000000000000000e+03 4.118941434440365994e-07
1.922000000000000000e+03 4.116258290225147689e-07
1.923000000000000000e+03 4.113577720536955527e-07
1.924000000000000000e+03 4.110899721881203148e-07
1.925000000000000000e+03 4.108224290757628012e-07
1.926000000000000000e+03 4.105551423670490734e-07
1.927000000000000000e+03 4.102881117123499771e-07
1.928000000000000000e+03 4.100213367616455052e-07
1.929000000000000000e+03 4.097548171653722542e-07
1.930000000000000000e+03 4.094885525737489215e-07
1.931000000000000000e+03 4.092225426369473000e-07
1.932000000000000000e+03 4.089567870054313560e-07
1.933000000000000000e+03 4.086912853292849498e-07
1.934000000000000000e+03 4.084260372587193671e-07
1.935000000000000000e+03 4.081610424442427260e-07
1.936000000000000000e+03 4.078963005358217314e-07
1.937000000000000000e+03 4.076318111838913388e-07
1.938000000000000000e+03 4.073675740386851215e-07
1.939000000000000000e+03 4.071035887504051539e-07
1.940000000000000000e+03 4.068398549693907825e-07
1.941000000000000000e+03 4.065763723457866953e-07
1.942000000000000000e+03 4.063131405300451059e-07
1.943000000000000000e+03 4.060501591720943912e-07
1.944000000000000000e+03 4.057874279225067788e-07
1.945000000000000000e+03 4.055249464315009661e-07
1.946000000000000000e+03 4.052627143491115267e-07
1.947000000000000000e+03 4.050007313258543606e-07
1.948000000000000000e+03 4.047389970070992721e-07
1.949000000000000000e+03 4.044775110195421124e-07
1.950000000000000000e+03 4.042162729850092992e-07
1.951000000000000000e+03 4.039552825255999947e-07
1.952000000000000000e+03 4.036945392631918621e-07
1.953000000000000000e+03 4.034340428196090427e-07
1.954000000000000000e+03 4.031737928169529751e-07
1.955000000000000000e+03 4.029137888767818850e-07
1.956000000000000000e+03 4.026540306214285572e-07
1.957000000000000000e+03 4.023945176726861631e-07
1.958000000000000000e+03 4.021352496523050463e-07
1.959000000000000000e+03 4.018762261823215828e-07
1.960000000000000000e+03 4.016174468847320202e-07
1.961000000000000000e+03 4.013589113814948074e-07
1.962000000000000000e+03 4.011006192942062869e-07
1.963000000000000000e+03 4.008425702452451947e-07
1.964000000000000000e+03 4.005847638561428104e-07
1.965000000000000000e+03 4.003271997490528239e-07
1.966000000000000000e+03 4.000698775457753420e-07
1.967000000000000000e+03 3.998127968682476378e-07
1.968000000000000000e+03 3.995559573383830027e-07
1.969000000000000000e+03 3.992993585782353886e-07
1.970000000000000000e+03 3.990430002096761059e-07
1.971000000000000000e+03 3.987868818543973705e-07
1.972000000000000000e+03 3.985310031347226496e-07
1.973000000000000000e+03 3.982753636721528353e-07
1.974000000000000000e+03 3.980199630889848193e-07
1.975000000000000000e+03 3.977648010068595719e-07
1.976000000000000000e+03 3.975098770477331069e-07
1.977000000000000000e+03 3.972551908337157037e-07
1.978000000000000000e+03 3.970007419865917990e-07
1.979000000000000000e+03 3.967465301283042774e-07
1.980000000000000000e+03 3.964925548806356697e-07
1.981000000000000000e+03 3.962388158658506272e-07
1.982000000000000000e+03 3.959853127055764619e-07
1.983000000000000000e+03 3.957320450217667522e-07
1.984000000000000000e+03 3.954790124363819588e-07
1.985000000000000000e+03 3.952262145715514195e-07
1.986000000000000000e+03 3.949736510487775618e-07
1.987000000000000000e+03 3.947213216278025077e-07
1.988000000000000000e+03 3.944692266173112685e-07
1.989000000000000000e+03 3.942173664640484491e-07
1.990000000000000000e+03 3.939657416144741577e-07
1.991000000000000000e+03 3.937143525149208121e-07
1.992000000000000000e+03 3.934631996120671076e-07
1.993000000000000000e+03 3.932122833521430241e-07
1.994000000000000000e+03 3.929616041817196838e-07
1.995000000000000000e+03 3.927111625473898083e-07
1.996000000000000000e+03 3.924609588954501870e-07
1.997000000000000000e+03 3.922109936723732630e-07
1.998000000000000000e+03 3.919612673248040091e-07
1.999000000000000000e+03 3.917117802990854840e-07
2.000000000000000000e+03 3.914625330417289354e-07
