2.000000000000000000e+00 -8.644424715422028828e-06
3.000000000000000000e+00 -6.685659496522531903e-06
4.000000000000000000e+00 -4.926434986048681131e-06
5.000000000000000000e+00 -3.379817847672778647e-06
6.000000000000000000e+00 -2.043881456955503242e-06
7.000000000000000000e+00 -9.059184269370870645e-07
8.000000000000000000e+00 5.419821027319231301e-08
9.000000000000000000e+00 8.579091839254330843e-07
1.000000000000000000e+01 1.525542616989228869e-06
1.100000000000000000e+01 2.075470667807419625e-06
1.200000000000000000e+01 2.523605450601779152e-06
1.300000000000000000e+01 2.883558563919103112e-06
1.400000000000000000e+01 3.167161950081863377e-06
1.500000000000000000e+01 3.384884581743369939e-06
1.600000000000000000e+01 3.545847081253171798e-06
1.700000000000000000e+01 3.657801054585229631e-06
1.800000000000000000e+01 3.727463249117021288e-06
1.900000000000000000e+01 3.760694197439305027e-06
2.000000000000000000e+01 3.762980205069780579e-06
2.100000000000000000e+01 3.739014300114747450e-06
2.200000000000000000e+01 3.693122927081981039e-06
2.300000000000000000e+01 3.628959473529557964e-06
2.400000000000000000e+01 3.549893387517646752e-06
2.500000000000000000e+01 3.458831416075777114e-06
2.600000000000000000e+01 3.358477227081401759e-06
2.700000000000000000e+01 3.251184872818645556e-06
2.800000000000000000e+01 3.139108811770189726e-06
2.900000000000000000e+01 3.023954742796845099e-06
3.000000000000000000e+01 2.907316174853980849e-06
3.100000000000000000e+01 2.790686179316469899e-06
3.200000000000000000e+01 2.675156077235631904e-06
3.300000000000000000e+01 2.561716752080454752e-06
3.400000000000000000e+01 2.451287190853525931e-06
3.500000000000000000e+01 2.344498794683720577e-06
3.600000000000000000e+01 2.241911068232328854e-06
3.700000000000000000e+01 2.144019915739772808e-06
3.800000000000000000e+01 2.051066839757284543e-06
3.900000000000000000e+01 1.963229742415861627e-06
4.000000000000000000e+01 1.880686525846261282e-06
4.100000000000000000e+01 1.803570918288649497e-06
4.200000000000000000e+01 1.731839952425752601e-06
4.300000000000000000e+01 1.665406487049236434e-06
4.400000000000000000e+01 1.604183380951136778e-06
4.500000000000000000e+01 1.548057858936682139e-06
4.600000000000000000e+01 1.496814609860592420e-06
4.700000000000000000e+01 1.450212688590736206e-06
4.800000000000000000e+01 1.408011149993958017e-06
4.900000000000000000e+01 1.369969048938527930e-06
5.000000000000000000e+01 1.335835517795667354e-06
5.100000000000000000e+01 1.305319998954644815e-06
5.200000000000000000e+01 1.278122012308476170e-06
5.300000000000000000e+01 1.253941077750376753e-06
5.400000000000000000e+01 1.232476715173695307e-06
5.500000000000000000e+01 1.213429780938017974e-06
5.600000000000000000e+01 1.196506477269056406e-06
5.700000000000000000e+01 1.181414342858705237e-06
5.800000000000000000e+01 1.167860916399294684e-06
5.900000000000000000e+01 1.155553736582556115e-06
6.000000000000000000e+01 1.144200342101186515e-06
6.100000000000000000e+01 1.133525556238024714e-06
6.200000000000000000e+01 1.123323340642553975e-06
6.300000000000000000e+01 1.113404941554766592e-06
6.400000000000000000e+01 1.103581605215204799e-06
6.500000000000000000e+01 1.093664577864262174e-06
6.600000000000000000e+01 1.083465105742170935e-06
6.700000000000000000e+01 1.072794435089409364e-06
6.800000000000000000e+01 1.061492210903926067e-06
6.900000000000000000e+01 1.049511673215067978e-06
7.000000000000000000e+01 1.036834460809772848e-06
7.100000000000000000e+01 1.023442212474935862e-06
7.200000000000000000e+01 1.009316566997723257e-06
7.300000000000000000e+01 9.944391631649037995e-07
7.400000000000000000e+01 9.787916397636420322e-07
7.500000000000000000e+01 9.623556355807403911e-07
7.600000000000000000e+01 9.451319878822406673e-07
7.700000000000000000e+01 9.271983278499718972e-07
7.800000000000000000e+01 9.086514851443799031e-07
7.900000000000000000e+01 8.895882894264086685e-07
8.000000000000000000e+01 8.701055703567775017e-07
8.100000000000000000e+01 8.503001575960245513e-07
8.200000000000000000e+01 8.302688808049127479e-07
8.300000000000000000e+01 8.101085696443295355e-07
8.400000000000000000e+01 7.899140475326588660e-07
8.500000000000000000e+01 7.697721129204445269e-07
8.600000000000000000e+01 7.497675580159276659e-07
8.700000000000000000e+01 7.299851750272795508e-07
8.800000000000000000e+01 7.105097561628673256e-07
8.900000000000000000e+01 6.914260936309313969e-07
9.000000000000000000e+01 6.728189796398442027e-07
9.100000000000000000e+01 6.547732063977340239e-07
9.200000000000000000e+01 6.373735661129651455e-07
9.300000000000000000e+01 6.206918299084146178e-07
9.400000000000000000e+01 6.047476845653872678e-07
9.500000000000000000e+01 5.895477957797642147e-07
9.600000000000000000e+01 5.750988292474074137e-07
9.700000000000000000e+01 5.614074506643154041e-07
9.800000000000000000e+01 5.484803257263693051e-07
9.900000000000000000e+01 5.363241201293654269e-07
1.000000000000000000e+02 5.249454995692907679e-07
1.010000000000000000e+02 5.143511297420794928e-07
1.020000000000000000e+02 5.045476763435775691e-07
1.030000000000000000e+02 4.955418050696855977e-07
1.040000000000000000e+02 4.873308377784963639e-07
1.050000000000000000e+02 4.798747209769137409e-07
1.060000000000000000e+02 4.731240573340166334e-07
1.070000000000000000e+02 4.670294495188399536e-07
1.080000000000000000e+02 4.615415002005318514e-07
1.090000000000000000e+02 4.566108120480753050e-07
1.100000000000000000e+02 4.521879877306055470e-07
1.110000000000000000e+02 4.482236299171373726e-07
1.120000000000000000e+02 4.446683412767686918e-07
1.130000000000000000e+02 4.414727244786182201e-07
1.140000000000000000e+02 4.385873821917222989e-07
1.150000000000000000e+02 4.359629170851301341e-07
1.160000000000000000e+02 4.335517316234587533e-07
1.170000000000000000e+02 4.313134274532587711e-07
1.180000000000000000e+02 4.292094060166287184e-07
1.190000000000000000e+02 4.272010687556581267e-07
1.200000000000000000e+02 4.252498171124391213e-07
1.210000000000000000e+02 4.233170525290772215e-07
1.220000000000000000e+02 4.213641764478688994e-07
1.230000000000000000e+02 4.193525903103075339e-07
1.240000000000000000e+02 4.172436955589012495e-07
1.250000000000000000e+02 4.149988936358266632e-07
1.260000000000000000e+02 4.125795859829648833e-07
1.270000000000000000e+02 4.099471740427066673e-07
1.280000000000000000e+02 4.070630592567826164e-07
1.290000000000000000e+02 4.038982550730892354e-07
1.300000000000000000e+02 4.004622229635914976e-07
1.310000000000000000e+02 3.967740364059853283e-07
1.320000000000000000e+02 3.928527688776734736e-07
1.330000000000000000e+02 3.887174938562232689e-07
1.340000000000000000e+02 3.843872848190884410e-07
1.350000000000000000e+02 3.798812152440405131e-07
1.360000000000000000e+02 3.752183586085507352e-07
1.370000000000000000e+02 3.704177883902218590e-07
1.380000000000000000e+02 3.654985780665284167e-07
1.390000000000000000e+02 3.604798011152246731e-07
1.400000000000000000e+02 3.553805310137630848e-07
1.410000000000000000e+02 3.502198412400172951e-07
1.420000000000000000e+02 3.450168052710869712e-07
1.430000000000000000e+02 3.397904965849496771e-07
1.440000000000000000e+02 3.345592403117354368e-07
1.450000000000000000e+02 3.293383681937297416e-07
1.460000000000000000e+02 3.241424636257155503e-07
1.470000000000000000e+02 3.189861100024612631e-07
1.480000000000000000e+02 3.138838907191809254e-07
1.490000000000000000e+02 3.088503891702712490e-07
1.500000000000000000e+02 3.039001887511998069e-07
1.510000000000000000e+02 2.990478728566864008e-07
1.520000000000000000e+02 2.943080248817270711e-07
1.530000000000000000e+02 2.896952282206732132e-07
1.540000000000000000e+02 2.852240662692769502e-07
1.550000000000000000e+02 2.809091224216423968e-07
1.560000000000000000e+02 2.767649800730523141e-07
1.570000000000000000e+02 2.728062226185301652e-07
1.580000000000000000e+02 2.690474334527583764e-07
1.590000000000000000e+02 2.655031959707449525e-07
1.600000000000000000e+02 2.621880935672214479e-07
1.610000000000000000e+02 2.591119546442070861e-07
1.620000000000000000e+02 2.562655876312807224e-07
1.630000000000000000e+02 2.536350459645539103e-07
1.640000000000000000e+02 2.512063830803487440e-07
1.650000000000000000e+02 2.489656524154819846e-07
1.660000000000000000e+02 2.468989074059414660e-07
1.670000000000000000e+02 2.449922014883434675e-07
1.680000000000000000e+02 2.432315880988545466e-07
1.690000000000000000e+02 2.416031206743736270e-07
1.700000000000000000e+02 2.400928526506084391e-07
1.710000000000000000e+02 2.386868374645550506e-07
1.720000000000000000e+02 2.373711285521634700e-07
1.730000000000000000e+02 2.361317793501272681e-07
1.740000000000000000e+02 2.349548432948702625e-07
1.750000000000000000e+02 2.338263738224162593e-07
1.760000000000000000e+02 2.327324243694793966e-07
1.770000000000000000e+02 2.316590483722865036e-07
1.780000000000000000e+02 2.305922992674506039e-07
1.790000000000000000e+02 2.295182304912261349e-07
1.800000000000000000e+02 2.284251082706877255e-07
1.810000000000000000e+02 2.273100499960517524e-07
1.820000000000000000e+02 2.261723858482906213e-07
1.830000000000000000e+02 2.250114460080988316e-07
1.840000000000000000e+02 2.238265606568494355e-07
1.850000000000000000e+02 2.226170599751153302e-07
1.860000000000000000e+02 2.213822741438134142e-07
1.870000000000000000e+02 2.201215333440262604e-07
1.880000000000000000e+02 2.188341677564801319e-07
1.890000000000000000e+02 2.175195075622811862e-07
1.900000000000000000e+02 2.161768829422207756e-07
1.910000000000000000e+02 2.148056240771511859e-07
1.920000000000000000e+02 2.134050611483390871e-07
1.930000000000000000e+02 2.119745243362861200e-07
1.940000000000000000e+02 2.105133438221133709e-07
1.950000000000000000e+02 2.090208497867245034e-07
1.960000000000000000e+02 2.074963724109959702e-07
1.970000000000000000e+02 2.059392418757941390e-07
1.980000000000000000e+02 2.043487883621516341e-07
1.990000000000000000e+02 2.027243420509590431e-07
2.000000000000000000e+02 2.010652331231439319e-07
2.010000000000000000e+02 1.993716741964003140e-07
2.020000000000000000e+02 1.976474076352669187e-07
2.030000000000000000e+02 1.958970582412701310e-07
2.040000000000000000e+02 1.941252508158318863e-07
2.050000000000000000e+02 1.923366101602446031e-07
2.060000000000000000e+02 1.905357610760899618e-07
2.070000000000000000e+02 1.887273283646121267e-07
2.080000000000000000e+02 1.869159368274277977e-07
2.090000000000000000e+02 1.851062112659069234e-07
2.100000000000000000e+02 1.833027764812979561e-07
2.110000000000000000e+02 1.815102572752673590e-07
2.120000000000000000e+02 1.797332784490171563e-07
2.130000000000000000e+02 1.779764648041061056e-07
2.140000000000000000e+02 1.762444411418598717e-07
2.150000000000000000e+02 1.745418322637601321e-07
2.160000000000000000e+02 1.728732629712767323e-07
2.170000000000000000e+02 1.712433580657089202e-07
2.180000000000000000e+02 1.696567423484299002e-07
2.190000000000000000e+02 1.681180406211181527e-07
2.200000000000000000e+02 1.666318776849425618e-07
2.210000000000000000e+02 1.652028783413278687e-07
2.220000000000000000e+02 1.638356673919180900e-07
2.230000000000000000e+02 1.625348696377865276e-07
2.240000000000000000e+02 1.613037326365084738e-07
2.250000000000000000e+02 1.601399949678257298e-07
2.260000000000000000e+02 1.590400179675944641e-07
2.270000000000000000e+02 1.580001629719176493e-07
2.280000000000000000e+02 1.570167913163189404e-07
2.290000000000000000e+02 1.560862643366302330e-07
2.300000000000000000e+02 1.552049433688870283e-07
2.310000000000000000e+02 1.543691897487601266e-07
2.320000000000000000e+02 1.535753648120627096e-07
2.330000000000000000e+02 1.528198298946552601e-07
2.340000000000000000e+02 1.520989463324695443e-07
2.350000000000000000e+02 1.514090754610782921e-07
2.360000000000000000e+02 1.507465786164098285e-07
2.370000000000000000e+02 1.501078171344245864e-07
2.380000000000000000e+02 1.494891523508073159e-07
2.390000000000000000e+02 1.488869456013321554e-07
2.400000000000000000e+02 1.482975582219924134e-07
2.410000000000000000e+02 1.477173515483696871e-07
2.420000000000000000e+02 1.471426869165296533e-07
2.430000000000000000e+02 1.465699256621789261e-07
2.440000000000000000e+02 1.459954291211238842e-07
2.450000000000000000e+02 1.454155586291861794e-07
2.460000000000000000e+02 1.448266755223290239e-07
2.470000000000000000e+02 1.442251411361620994e-07
2.480000000000000000e+02 1.436073168065892729e-07
2.490000000000000000e+02 1.429695638694162350e-07
2.500000000000000000e+02 1.423091000751561741e-07
2.510000000000000000e+02 1.416265688328534531e-07
2.520000000000000000e+02 1.409234699660549511e-07
2.530000000000000000e+02 1.402013032984203877e-07
2.540000000000000000e+02 1.394615686537096708e-07
2.550000000000000000e+02 1.387057658554816171e-07
2.560000000000000000e+02 1.379353947273801439e-07
2.570000000000000000e+02 1.371519550930279660e-07
2.580000000000000000e+02 1.363569467762071730e-07
2.590000000000000000e+02 1.355518696004720288e-07
2.600000000000000000e+02 1.347382233895195491e-07
2.610000000000000000e+02 1.339175079669010069e-07
2.620000000000000000e+02 1.330912231563836154e-07
2.630000000000000000e+02 1.322608687815732285e-07
2.640000000000000000e+02 1.314279446661814200e-07
2.650000000000000000e+02 1.305939506336576338e-07
2.660000000000000000e+02 1.297603865078987321e-07
2.670000000000000000e+02 1.289287521124347328e-07
2.680000000000000000e+02 1.281005472708703778e-07
2.690000000000000000e+02 1.272772718069614985e-07
2.700000000000000000e+02 1.264604255443442300e-07
2.710000000000000000e+02 1.256515083066174114e-07
2.720000000000000000e+02 1.248520199174210424e-07
2.730000000000000000e+02 1.240634602005115633e-07
2.740000000000000000e+02 1.232873289794168742e-07
2.750000000000000000e+02 1.225251260778510901e-07
2.760000000000000000e+02 1.217783513194545020e-07
2.770000000000000000e+02 1.210485045278703917e-07
2.780000000000000000e+02 1.203370855267380177e-07
2.790000000000000000e+02 1.196452310738014525e-07
2.800000000000000000e+02 1.189726256631790253e-07
2.810000000000000000e+02 1.183185907231525760e-07
2.820000000000000000e+02 1.176824476817380954e-07
2.830000000000000000e+02 1.170635179672391020e-07
2.840000000000000000e+02 1.164611230078456783e-07
2.850000000000000000e+02 1.158745842317122254e-07
2.860000000000000000e+02 1.153032230670325184e-07
2.870000000000000000e+02 1.147463609421113198e-07
2.880000000000000000e+02 1.142033192849800523e-07
2.890000000000000000e+02 1.136734195239282982e-07
2.900000000000000000e+02 1.131559830871196833e-07
2.910000000000000000e+02 1.126503314028149247e-07
2.920000000000000000e+02 1.121557858991457522e-07
2.930000000000000000e+02 1.116716680042620405e-07
2.940000000000000000e+02 1.111972991464008825e-07
2.950000000000000000e+02 1.107320007538090058e-07
2.960000000000000000e+02 1.102750942546681153e-07
2.970000000000000000e+02 1.098259010770942705e-07
2.980000000000000000e+02 1.093837426493489428e-07
2.990000000000000000e+02 1.089479403995512758e-07
3.000000000000000000e+02 1.085178157560279887e-07
3.010000000000000000e+02 1.080926901468200334e-07
3.020000000000000000e+02 1.076718850002385516e-07
3.030000000000000000e+02 1.072547217444441915e-07
3.040000000000000000e+02 1.068405218076525788e-07
3.050000000000000000e+02 1.064286066179954035e-07
3.060000000000000000e+02 1.060182976036541455e-07
3.070000000000000000e+02 1.056089161929225428e-07
3.080000000000000000e+02 1.051997838139360970e-07
3.090000000000000000e+02 1.047902218948715896e-07
3.100000000000000000e+02 1.043795518640082268e-07
3.110000000000000000e+02 1.039670951493982627e-07
3.120000000000000000e+02 1.035523223761486209e-07
3.130000000000000000e+02 1.031353009564424921e-07
3.140000000000000000e+02 1.027162474993148720e-07
3.150000000000000000e+02 1.022953786137447726e-07
3.160000000000000000e+02 1.018729109088147028e-07
3.170000000000000000e+02 1.014490609934274812e-07
3.180000000000000000e+02 1.010240454767154066e-07
3.190000000000000000e+02 1.005980809676335885e-07
3.200000000000000000e+02 1.001713840751804151e-07
3.210000000000000000e+02 9.974417140842726451e-08
3.220000000000000000e+02 9.931665957636601315e-08
3.230000000000000000e+02 9.888906518800218252e-08
3.240000000000000000e+02 9.846160485238512808e-08
3.250000000000000000e+02 9.803449517851850522e-08
3.260000000000000000e+02 9.760795277539174183e-08
3.270000000000000000e+02 9.718219425201049176e-08
3.280000000000000000e+02 9.675743621748431599e-08
3.290000000000000000e+02 9.633389528070577625e-08
3.300000000000000000e+02 9.591178805078915836e-08
3.310000000000000000e+02 9.549133113669286763e-08
3.320000000000000000e+02 9.507274114748055321e-08
3.330000000000000000e+02 9.465623469212077155e-08
3.340000000000000000e+02 9.424202837968733620e-08
3.350000000000000000e+02 9.383033881910537994e-08
3.360000000000000000e+02 9.342138261946172621e-08
3.370000000000000000e+02 9.301537638975260563e-08
3.380000000000000000e+02 9.261253673902405171e-08
3.390000000000000000e+02 9.221308027628927542e-08
3.400000000000000000e+02 9.181722361050325424e-08
3.410000000000000000e+02 9.142518335069971321e-08
3.420000000000000000e+02 9.103717610596272291e-08
3.430000000000000000e+02 9.065341848529278885e-08
3.440000000000000000e+02 9.027412709763636520e-08
3.450000000000000000e+02 8.989951855201954050e-08
3.460000000000000000e+02 8.952980945752040316e-08
3.470000000000000000e+02 8.916521642313792342e-08
3.480000000000000000e+02 8.880595605787252735e-08
3.490000000000000000e+02 8.845218615180494365e-08
3.500000000000000000e+02 8.810382921904520277e-08
3.510000000000000000e+02 8.776074895478474953e-08
3.520000000000000000e+02 8.742280905427140937e-08
3.530000000000000000e+02 8.708987321265050350e-08
3.540000000000000000e+02 8.676180512511134591e-08
3.550000000000000000e+02 8.643846848692925091e-08
3.560000000000000000e+02 8.611972699320972917e-08
3.570000000000000000e+02 8.580544433918179934e-08
3.580000000000000000e+02 8.549548421999267524e-08
3.590000000000000000e+02 8.518971033089841441e-08
3.600000000000000000e+02 8.488798636706119931e-08
3.610000000000000000e+02 8.459017602368999774e-08
3.620000000000000000e+02 8.429614299598538659e-08
3.630000000000000000e+02 8.400575097908610934e-08
3.640000000000000000e+02 8.371886366825379541e-08
3.650000000000000000e+02 8.343534475862853824e-08
3.660000000000000000e+02 8.315505794545993675e-08
3.670000000000000000e+02 8.287786692386566446e-08
3.680000000000000000e+02 8.260363538910663612e-08
3.690000000000000000e+02 8.233222703634716502e-08
3.700000000000000000e+02 8.206350556078908536e-08
3.710000000000000000e+02 8.179733465757366847e-08
3.720000000000000000e+02 8.153357802200402193e-08
3.730000000000000000e+02 8.127209934917459204e-08
3.740000000000000000e+02 8.101276233432935288e-08
3.750000000000000000e+02 8.075543067262937520e-08
3.760000000000000000e+02 8.049996805928223712e-08
3.770000000000000000e+02 8.024623818949105665e-08
3.780000000000000000e+02 7.999410475844903881e-08
3.790000000000000000e+02 7.974343146133408913e-08
3.800000000000000000e+02 7.949408199334708889e-08
3.810000000000000000e+02 7.924592004966246284e-08
3.820000000000000000e+02 7.899880932550944139e-08
3.830000000000000000e+02 7.875261351607950905e-08
3.840000000000000000e+02 7.850719631652212957e-08
3.850000000000000000e+02 7.826242142206704952e-08
3.860000000000000000e+02 7.801815252793281876e-08
3.870000000000000000e+02 7.777425332923802404e-08
3.880000000000000000e+02 7.753061678769036613e-08
3.890000000000000000e+02 7.728725293074780423e-08
3.900000000000000000e+02 7.704420105235519855e-08
3.910000000000000000e+02 7.680150044650839008e-08
3.920000000000000000e+02 7.655919040708669982e-08
3.930000000000000000e+02 7.631731022801504300e-08
3.940000000000000000e+02 7.607589920334047962e-08
3.950000000000000000e+02 7.583499662690467744e-08
3.960000000000000000e+02 7.559464179270570091e-08
3.970000000000000000e+02 7.535487399465249074e-08
3.980000000000000000e+02 7.511573252672237229e-08
3.990000000000000000e+02 7.487725668279871647e-08
4.000000000000000000e+02 7.463948575690551487e-08
4.010000000000000000e+02 7.440245904296684890e-08
4.020000000000000000e+02 7.416621583488406245e-08
4.030000000000000000e+02 7.393079542661064485e-08
4.040000000000000000e+02 7.369623711210933663e-08
4.050000000000000000e+02 7.346258018534931048e-08
4.060000000000000000e+02 7.322986394018877776e-08
4.070000000000000000e+02 7.299812767067761751e-08
4.080000000000000000e+02 7.276741067067326025e-08
4.090000000000000000e+02 7.253775223414235080e-08
4.100000000000000000e+02 7.230919165504320924e-08
4.110000000000000000e+02 7.208176822732334273e-08
4.120000000000000000e+02 7.185552124491682502e-08
4.130000000000000000e+02 7.163049000174183479e-08
4.140000000000000000e+02 7.140671379180787141e-08
4.150000000000000000e+02 7.118423190895615266e-08
4.160000000000000000e+02 7.096308364722289918e-08
4.170000000000000000e+02 7.074330830054375967e-08
4.180000000000000000e+02 7.052494516278912160e-08
4.190000000000000000e+02 7.030803352797733851e-08
4.200000000000000000e+02 7.009261269001957457e-08
4.210000000000000000e+02 6.987872194286128552e-08
4.220000000000000000e+02 6.966640058044341404e-08
4.230000000000000000e+02 6.945568789669979566e-08
4.240000000000000000e+02 6.924662318562448466e-08
4.250000000000000000e+02 6.903924574109407566e-08
4.260000000000000000e+02 6.883359485707513407e-08
4.270000000000000000e+02 6.862969869720604332e-08
4.280000000000000000e+02 6.842754090379039626e-08
4.290000000000000000e+02 6.822709398881740777e-08
4.300000000000000000e+02 6.802833046429172458e-08
4.310000000000000000e+02 6.783122284218256363e-08
4.320000000000000000e+02 6.763574363450820361e-08
4.330000000000000000e+02 6.744186535325130810e-08
4.340000000000000000e+02 6.724956051040948289e-08
4.350000000000000000e+02 6.705880161794523482e-08
4.360000000000000000e+02 6.686956118790198888e-08
4.370000000000000000e+02 6.668181173222169812e-08
4.380000000000000000e+02 6.649552576295934158e-08
4.390000000000000000e+02 6.631067579203643765e-08
4.400000000000000000e+02 6.612723433148671013e-08
4.410000000000000000e+02 6.594517389330849273e-08
4.420000000000000000e+02 6.576446698948137853e-08
4.430000000000000000e+02 6.558508613198264453e-08
4.440000000000000000e+02 6.540700383283476487e-08
4.450000000000000000e+02 6.523019260399362895e-08
4.460000000000000000e+02 6.505462495749171650e-08
4.470000000000000000e+02 6.488027340532642152e-08
4.480000000000000000e+02 6.470711045944522929e-08
4.490000000000000000e+02 6.453510863185549968e-08
4.500000000000000000e+02 6.436424043457659665e-08
4.510000000000000000e+02 6.419447837959339400e-08
4.520000000000000000e+02 6.402579497887218378e-08
4.530000000000000000e+02 6.385816274440689246e-08
4.540000000000000000e+02 6.369155418823350700e-08
4.550000000000000000e+02 6.352594182232318988e-08
4.560000000000000000e+02 6.336129815862873353e-08
4.570000000000000000e+02 6.319759570919001599e-08
4.580000000000000000e+02 6.303480698599745648e-08
4.590000000000000000e+02 6.287290450103763612e-08
4.600000000000000000e+02 6.271186076627858071e-08
4.610000000000000000e+02 6.255164829374367761e-08
4.620000000000000000e+02 6.239223959540771564e-08
4.630000000000000000e+02 6.223360718330014373e-08
4.640000000000000000e+02 6.207572356934363171e-08
4.650000000000000000e+02 6.191856126560279361e-08
4.660000000000000000e+02 6.176209713429736685e-08
4.670000000000000000e+02 6.160632543882380515e-08
4.680000000000000000e+02 6.145124479284518956e-08
4.690000000000000000e+02 6.129685380997880841e-08
4.700000000000000000e+02 6.114315110389409551e-08
4.710000000000000000e+02 6.099013528823832944e-08
4.720000000000000000e+02 6.083780497664876999e-08
4.730000000000000000e+02 6.068615878282047371e-08
4.740000000000000000e+02 6.053519532037702874e-08
4.750000000000000000e+02 6.038491320296695775e-08
4.760000000000000000e+02 6.023531104421923549e-08
4.770000000000000000e+02 6.008638745783775941e-08
4.780000000000000000e+02 5.993814105741905230e-08
4.790000000000000000e+02 5.979057045665700604e-08
4.800000000000000000e+02 5.964367426916164300e-08
4.810000000000000000e+02 5.949745110863469674e-08
4.820000000000000000e+02 5.935189958868980276e-08
4.830000000000000000e+02 5.920701832297304852e-08
4.840000000000000000e+02 5.906280592514656876e-08
4.850000000000000000e+02 5.891926100889913348e-08
4.860000000000000000e+02 5.877638218782396335e-08
4.870000000000000000e+02 5.863416807559011498e-08
4.880000000000000000e+02 5.849261728584654780e-08
4.890000000000000000e+02 5.835172843225956556e-08
4.900000000000000000e+02 5.821150012847098745e-08
4.910000000000000000e+02 5.807193098813546390e-08
4.920000000000000000e+02 5.793301962487900505e-08
4.930000000000000000e+02 5.779476465238771404e-08
4.940000000000000000e+02 5.765716468431433546e-08
4.950000000000000000e+02 5.752021833426390216e-08
4.960000000000000000e+02 5.738392421593271474e-08
4.970000000000000000e+02 5.724828094293922622e-08
4.980000000000000000e+02 5.711328712898778404e-08
4.990000000000000000e+02 5.697894138765063159e-08
5.000000000000000000e+02 5.684524233263177881e-08
5.010000000000000000e+02 5.671218857757477867e-08
5.020000000000000000e+02 5.657977873614887969e-08
5.030000000000000000e+02 5.644801142195959778e-08
5.040000000000000000e+02 5.631688524868363929e-08
5.050000000000000000e+02 5.618639848253895243e-08
5.060000000000000000e+02 5.605654800018720600e-08
5.070000000000000000e+02 5.592733033075394605e-08
5.080000000000000000e+02 5.579874200350484967e-08
5.090000000000000000e+02 5.567077954760218312e-08
5.100000000000000000e+02 5.554343949222848191e-08
5.110000000000000000e+02 5.541671836661131987e-08
5.120000000000000000e+02 5.529061269992793855e-08
5.130000000000000000e+02 5.516511902137874716e-08
5.140000000000000000e+02 5.504023386018815641e-08
5.150000000000000000e+02 5.491595374551051810e-08
5.160000000000000000e+02 5.479227520655049647e-08
5.170000000000000000e+02 5.466919477253968214e-08
5.180000000000000000e+02 5.454670897264374935e-08
5.190000000000000000e+02 5.442481433605793912e-08
5.200000000000000000e+02 5.430350739200760842e-08
5.210000000000000000e+02 5.418278466965636688e-08
5.220000000000000000e+02 5.406264269822339077e-08
5.230000000000000000e+02 5.394307800691475387e-08
5.240000000000000000e+02 5.382408712487900447e-08
5.250000000000000000e+02 5.370566658136865755e-08
5.260000000000000000e+02 5.358781290555802314e-08
5.270000000000000000e+02 5.347052262663600934e-08
5.280000000000000000e+02 5.335379227382946868e-08
5.290000000000000000e+02 5.323761837629150226e-08
5.300000000000000000e+02 5.312199746326015272e-08
5.310000000000000000e+02 5.300692606390227222e-08
5.320000000000000000e+02 5.289240070742662119e-08
5.330000000000000000e+02 5.277841792304004101e-08
5.340000000000000000e+02 5.266497423992651641e-08
5.350000000000000000e+02 5.255206618727059458e-08
5.360000000000000000e+02 5.243969029430207945e-08
5.370000000000000000e+02 5.232784309020919752e-08
5.380000000000000000e+02 5.221652110418380164e-08
5.390000000000000000e+02 5.210572086540069816e-08
5.400000000000000000e+02 5.199543890308354337e-08
5.410000000000000000e+02 5.188567174644068744e-08
5.420000000000000000e+02 5.177641592464510365e-08
5.430000000000000000e+02 5.166766796687862606e-08
5.440000000000000000e+02 5.155942433852184074e-08
5.450000000000000000e+02 5.145168124939601742e-08
5.460000000000000000e+02 5.134443484548732960e-08
5.470000000000000000e+02 5.123768127278645063e-08
5.480000000000000000e+02 5.113141667731493752e-08
5.490000000000000000e+02 5.102563720502618095e-08
5.500000000000000000e+02 5.092033900191596294e-08
5.510000000000000000e+02 5.081551821398577639e-08
5.520000000000000000e+02 5.071117098722765125e-08
5.530000000000000000e+02 5.060729346760945055e-08
5.540000000000000000e+02 5.050388180114192499e-08
5.550000000000000000e+02 5.040093213380199028e-08
5.560000000000000000e+02 5.029844061155911747e-08
5.570000000000000000e+02 5.019640338046165099e-08
5.580000000000000000e+02 5.009481658643943001e-08
5.590000000000000000e+02 4.999367637551192705e-08
5.600000000000000000e+02 4.989297889365205423e-08
5.610000000000000000e+02 4.979272028687204456e-08
5.620000000000000000e+02 4.969289670114855568e-08
5.630000000000000000e+02 4.959350428246831693e-08
5.640000000000000000e+02 4.949453917681336594e-08
5.650000000000000000e+02 4.939599753018611542e-08
5.660000000000000000e+02 4.929787548857508806e-08
5.670000000000000000e+02 4.920016919796034285e-08
5.680000000000000000e+02 4.910287480433829711e-08
5.690000000000000000e+02 4.900598845370723426e-08
5.700000000000000000e+02 4.890950629203383943e-08
5.710000000000000000e+02 4.881342446533583150e-08
5.720000000000000000e+02 4.871773911957125321e-08
5.730000000000000000e+02 4.862244640074002249e-08
5.740000000000000000e+02 4.852754245485036219e-08
5.750000000000000000e+02 4.843302342786668103e-08
5.760000000000000000e+02 4.833888546579114688e-08
5.770000000000000000e+02 4.824512471461146187e-08
5.780000000000000000e+02 4.815173732032496977e-08
5.790000000000000000e+02 4.805871942890602532e-08
5.800000000000000000e+02 4.796606718634876282e-08
5.810000000000000000e+02 4.787377673863441915e-08
5.820000000000000000e+02 4.778184423177372516e-08
5.830000000000000000e+02 4.769026622572353799e-08
5.840000000000000000e+02 4.759904093641250684e-08
5.850000000000000000e+02 4.750816699371442784e-08
5.860000000000000000e+02 4.741764302753304105e-08
5.870000000000000000e+02 4.732746766775337901e-08
5.880000000000000000e+02 4.723763954428505807e-08
5.890000000000000000e+02 4.714815728703210945e-08
5.900000000000000000e+02 4.705901952588162373e-08
5.910000000000000000e+02 4.697022489071050723e-08
5.920000000000000000e+02 4.688177201144582649e-08
5.930000000000000000e+02 4.679365951794550900e-08
5.940000000000000000e+02 4.670588604014818862e-08
5.950000000000000000e+02 4.661845020791876761e-08
5.960000000000000000e+02 4.653135065116197204e-08
5.970000000000000000e+02 4.644458599977524215e-08
5.980000000000000000e+02 4.635815488365525058e-08
5.990000000000000000e+02 4.627205593268664605e-08
6.000000000000000000e+02 4.618628777676606811e-08
6.010000000000000000e+02 4.610084904580814251e-08
6.020000000000000000e+02 4.601573836969954953e-08
6.030000000000000000e+02 4.593095437832296592e-08
6.040000000000000000e+02 4.584649570158053030e-08
6.050000000000000000e+02 4.576236096938256709e-08
6.060000000000000000e+02 4.567854881160241582e-08
6.070000000000000000e+02 4.559505785815118175e-08
6.080000000000000000e+02 4.551188673889857804e-08
6.090000000000000000e+02 4.542903408378100185e-08
6.100000000000000000e+02 4.534649852267179930e-08
6.110000000000000000e+02 4.526427868545553311e-08
6.120000000000000000e+02 4.518237320205057449e-08
6.130000000000000000e+02 4.510078070234785215e-08
6.140000000000000000e+02 4.501949981621728436e-08
6.150000000000000000e+02 4.493852917359700869e-08
6.160000000000000000e+02 4.485786740433300811e-08
6.170000000000000000e+02 4.477751313836772813e-08
6.180000000000000000e+02 4.469746500556382771e-08
6.190000000000000000e+02 4.461772163584233829e-08
6.200000000000000000e+02 4.453828165907337669e-08
6.210000000000000000e+02 4.445914370516422993e-08
6.220000000000000000e+02 4.438030634368200630e-08
6.230000000000000000e+02 4.430176790277270185e-08
6.240000000000000000e+02 4.422352665026694935e-08
6.250000000000000000e+02 4.414558085400377248e-08
6.260000000000000000e+02 4.406792878180661083e-08
6.270000000000000000e+02 4.399056870150771183e-08
6.280000000000000000e+02 4.391349888090849222e-08
6.290000000000000000e+02 4.383671758786743097e-08
6.300000000000000000e+02 4.376022309021240798e-08
6.310000000000000000e+02 4.368401365573360357e-08
6.320000000000000000e+02 4.360808755230201692e-08
6.330000000000000000e+02 4.353244304771976622e-08
6.340000000000000000e+02 4.345707840982273186e-08
6.350000000000000000e+02 4.338199190644144074e-08
6.360000000000000000e+02 4.330718180537799779e-08
6.370000000000000000e+02 4.323264637449188124e-08
6.380000000000000000e+02 4.315838388159896694e-08
6.390000000000000000e+02 4.308439259452630760e-08
6.400000000000000000e+02 4.301067078108910412e-08
6.410000000000000000e+02 4.293721670914459139e-08
6.420000000000000000e+02 4.286402864647737120e-08
6.430000000000000000e+02 4.279110486096016991e-08
6.440000000000000000e+02 4.271844362039378220e-08
6.450000000000000000e+02 4.264604319259131124e-08
6.460000000000000000e+02 4.257390184541582848e-08
6.470000000000000000e+02 4.250201784668235616e-08
6.480000000000000000e+02 4.243038946419617558e-08
6.490000000000000000e+02 4.235901496582019280e-08
6.500000000000000000e+02 4.228789261934804245e-08
6.510000000000000000e+02 4.221702069263121546e-08
6.520000000000000000e+02 4.214639745348240471e-08
6.530000000000000000e+02 4.207602116972778942e-08
6.540000000000000000e+02 4.200589010921443347e-08
6.550000000000000000e+02 4.193600253974426976e-08
6.560000000000000000e+02 4.186635672916982817e-08
6.570000000000000000e+02 4.179695094529911643e-08
6.580000000000000000e+02 4.172778345596178130e-08
6.590000000000000000e+02 4.165885252900167719e-08
6.600000000000000000e+02 4.159015643221211448e-08
6.610000000000000000e+02 4.152169354048984851e-08
6.620000000000000000e+02 4.145346265679956039e-08
6.630000000000000000e+02 4.138546269116492682e-08
6.640000000000000000e+02 4.131769255361525596e-08
6.650000000000000000e+02 4.125015115414952159e-08
6.660000000000000000e+02 4.118283740280006927e-08
6.670000000000000000e+02 4.111575020958226419e-08
6.680000000000000000e+02 4.104888848451543539e-08
6.690000000000000000e+02 4.098225113761541791e-08
6.700000000000000000e+02 4.091583707891508670e-08
6.710000000000000000e+02 4.084964521841493094e-08
6.720000000000000000e+02 4.078367446614564183e-08
6.730000000000000000e+02 4.071792373211873320e-08
6.740000000000000000e+02 4.065239192636096549e-08
6.750000000000000000e+02 4.058707795889301771e-08
6.760000000000000000e+02 4.052198073970858291e-08
6.770000000000000000e+02 4.045709917886329345e-08
6.780000000000000000e+02 4.039243218635743335e-08
6.790000000000000000e+02 4.032797867219755338e-08
6.800000000000000000e+02 4.026373754642984279e-08
6.810000000000000000e+02 4.019970771905126366e-08
6.820000000000000000e+02 4.013588810009751659e-08
6.830000000000000000e+02 4.007227759956806505e-08
6.840000000000000000e+02 4.000887512750004564e-08
6.850000000000000000e+02 3.994567959390715595e-08
6.860000000000000000e+02 3.988268990881285431e-08
6.870000000000000000e+02 3.981990498221663067e-08
6.880000000000000000e+02 3.975732372415360328e-08
6.890000000000000000e+02 3.969494504464729005e-08
6.900000000000000000e+02 3.963276785370284544e-08
6.910000000000000000e+02 3.957079106133976393e-08
6.920000000000000000e+02 3.950901357758466038e-08
6.930000000000000000e+02 3.944743431246433492e-08
6.940000000000000000e+02 3.938605217597271885e-08
6.950000000000000000e+02 3.932486607815545216e-08
6.960000000000000000e+02 3.926387492902449208e-08
6.970000000000000000e+02 3.920307763857762123e-08
6.980000000000000000e+02 3.914247311685622462e-08
6.990000000000000000e+02 3.908206027388640754e-08
7.000000000000000000e+02 3.902183805989155392e-08
7.010000000000000000e+02 3.896180558603494727e-08
7.020000000000000000e+02 3.890196200370426798e-08
7.030000000000000000e+02 3.884230646427709162e-08
7.040000000000000000e+02 3.878283811915523347e-08
7.050000000000000000e+02 3.872355611969755496e-08
7.060000000000000000e+02 3.866445961730486550e-08
7.070000000000000000e+02 3.860554776335286792e-08
7.080000000000000000e+02 3.854681970922629787e-08
7.090000000000000000e+02 3.848827460631506584e-08
7.100000000000000000e+02 3.842991160599803779e-08
7.110000000000000000e+02 3.837172985965188270e-08
7.120000000000000000e+02 3.831372851867214911e-08
7.130000000000000000e+02 3.825590673444465133e-08
7.140000000000000000e+02 3.819826365834191579e-08
7.150000000000000000e+02 3.814079844174421800e-08
7.160000000000000000e+02 3.808351023604812557e-08
7.170000000000000000e+02 3.802639819263816903e-08
7.180000000000000000e+02 3.796946146288334110e-08
7.190000000000000000e+02 3.791269919818233362e-08
7.200000000000000000e+02 3.785611054991097515e-08
7.210000000000000000e+02 3.779969466945523881e-08
7.220000000000000000e+02 3.774345070819544639e-08
7.230000000000000000e+02 3.768737781752674278e-08
7.240000000000000000e+02 3.763147514881945084e-08
7.250000000000000000e+02 3.757574185346354059e-08
7.260000000000000000e+02 3.752017708282912314e-08
7.270000000000000000e+02 3.746477998832253346e-08
7.280000000000000000e+02 3.740954972132310736e-08
7.290000000000000000e+02 3.735448543319180401e-08
7.300000000000000000e+02 3.729958627533859137e-08
7.310000000000000000e+02 3.724485139913611500e-08
7.320000000000000000e+02 3.719027995597518538e-08
7.330000000000000000e+02 3.713587109722608563e-08
7.340000000000000000e+02 3.708162397428190262e-08
7.350000000000000000e+02 3.702753773853151451e-08
7.360000000000000000e+02 3.697361154134467506e-08
7.370000000000000000e+02 3.691984453411492109e-08
7.380000000000000000e+02 3.686623586822133697e-08
7.390000000000000000e+02 3.681278472186491412e-08
7.400000000000000000e+02 3.675949038049742634e-08
7.410000000000000000e+02 3.670635215639499636e-08
7.420000000000000000e+02 3.665336936181380856e-08
7.430000000000000000e+02 3.660054130904926227e-08
7.440000000000000000e+02 3.654786731034701351e-08
7.450000000000000000e+02 3.649534667797354338e-08
7.460000000000000000e+02 3.644297872422927387e-08
7.470000000000000000e+02 3.639076276134912751e-08
7.480000000000000000e+02 3.633869810162876832e-08
7.490000000000000000e+02 3.628678405731415011e-08
7.500000000000000000e+02 3.623501994069347244e-08
7.510000000000000000e+02 3.618340506403200543e-08
7.520000000000000000e+02 3.613193873960775778e-08
7.530000000000000000e+02 3.608062027966915159e-08
7.540000000000000000e+02 3.602944899649268017e-08
7.550000000000000000e+02 3.597842420236257261e-08
7.560000000000000000e+02 3.592754520953990357e-08
7.570000000000000000e+02 3.587681133028679989e-08
7.580000000000000000e+02 3.582622187687943061e-08
7.590000000000000000e+02 3.577577616158813482e-08
7.600000000000000000e+02 3.572547349669036534e-08
7.610000000000000000e+02 3.567531319444016912e-08
7.620000000000000000e+02 3.562529456711374828e-08
7.630000000000000000e+02 3.557541692697888757e-08
7.640000000000000000e+02 3.552567958630785176e-08
7.650000000000000000e+02 3.547608185737932452e-08
7.660000000000000000e+02 3.542662305244829245e-08
7.670000000000000000e+02 3.537730248378037641e-08
7.680000000000000000e+02 3.532811946366430535e-08
7.690000000000000000e+02 3.527907330436062454e-08
7.700000000000000000e+02 3.523016331813572243e-08
7.710000000000000000e+02 3.518138881726387550e-08
7.720000000000000000e+02 3.513274911401850655e-08
7.730000000000000000e+02 3.508424352066371440e-08
7.740000000000000000e+02 3.503587134945639151e-08
7.750000000000000000e+02 3.498763191269007770e-08
7.760000000000000000e+02 3.493952452262345873e-08
7.770000000000000000e+02 3.489154849152443848e-08
7.780000000000000000e+02 3.484370315997449922e-08
7.790000000000000000e+02 3.479598798183864632e-08
7.800000000000000000e+02 3.474840243927123711e-08
7.810000000000000000e+02 3.470094601443047366e-08
7.820000000000000000e+02 3.465361818950542180e-08
7.830000000000000000e+02 3.460641844664053915e-08
7.840000000000000000e+02 3.455934626800396719e-08
7.850000000000000000e+02 3.451240113577357501e-08
7.860000000000000000e+02 3.446558253209254972e-08
7.870000000000000000e+02 3.441888993915750763e-08
7.880000000000000000e+02 3.437232283910308609e-08
7.890000000000000000e+02 3.432588071412015750e-08
7.900000000000000000e+02 3.427956304636105423e-08
7.910000000000000000e+02 3.423336931798670475e-08
7.920000000000000000e+02 3.418729901117301940e-08
7.930000000000000000e+02 3.414135160807724071e-08
7.940000000000000000e+02 3.409552659087445185e-08
7.950000000000000000e+02 3.404982344172417176e-08
7.960000000000000000e+02 3.400424164279670581e-08
7.970000000000000000e+02 3.395878067623987991e-08
7.980000000000000000e+02 3.391344002424491717e-08
7.990000000000000000e+02 3.386821916896373970e-08
8.000000000000000000e+02 3.382311759256485294e-08
8.010000000000000000e+02 3.377813477721015809e-08
8.020000000000000000e+02 3.373327020507108549e-08
8.030000000000000000e+02 3.368852335830560559e-08
8.040000000000000000e+02 3.364389371908412965e-08
8.050000000000000000e+02 3.359938076956653395e-08
8.060000000000000000e+02 3.355498399192789502e-08
8.070000000000000000e+02 3.351070286833566614e-08
8.080000000000000000e+02 3.346653688093671367e-08
8.090000000000000000e+02 3.342248551191182502e-08
8.100000000000000000e+02 3.337854824343356872e-08
8.110000000000000000e+02 3.333472455764402676e-08
8.120000000000000000e+02 3.329101393672793052e-08
8.130000000000000000e+02 3.324741586284235048e-08
8.140000000000000000e+02 3.320392981816105957e-08
8.150000000000000000e+02 3.316055528484265028e-08
8.160000000000000000e+02 3.311729174504627757e-08
8.170000000000000000e+02 3.307413869682652334e-08
8.180000000000000000e+02 3.303109570172052129e-08
8.190000000000000000e+02 3.298816233714409652e-08
8.200000000000000000e+02 3.294533818050387588e-08
8.210000000000000000e+02 3.290262280923787276e-08
8.220000000000000000e+02 3.286001580074401869e-08
8.230000000000000000e+02 3.281751673244866050e-08
8.240000000000000000e+02 3.277512518176324255e-08
8.250000000000000000e+02 3.273284072611528956e-08
8.260000000000000000e+02 3.269066294290544622e-08
8.270000000000000000e+02 3.264859140956594890e-08
8.280000000000000000e+02 3.260662570349940103e-08
8.290000000000000000e+02 3.256476540213703974e-08
8.300000000000000000e+02 3.252301008288686831e-08
8.310000000000000000e+02 3.248135932316434126e-08
8.320000000000000000e+02 3.243981270038636233e-08
8.330000000000000000e+02 3.239836979198339440e-08
8.340000000000000000e+02 3.235703017534831328e-08
8.350000000000000000e+02 3.231579342792093892e-08
8.360000000000000000e+02 3.227465912710975767e-08
8.370000000000000000e+02 3.223362685032231620e-08
8.380000000000000000e+02 3.219269617498611941e-08
8.390000000000000000e+02 3.215186667851584756e-08
8.400000000000000000e+02 3.211113793833437334e-08
8.410000000000000000e+02 3.207050953184020400e-08
8.420000000000000000e+02 3.202998103647280875e-08
8.430000000000000000e+02 3.198955202962686335e-08
8.440000000000000000e+02 3.194922208873514016e-08
8.450000000000000000e+02 3.190899079121829503e-08
8.460000000000000000e+02 3.186885771447057355e-08
8.470000000000000000e+02 3.182882243593305962e-08
8.480000000000000000e+02 3.178888453300890593e-08
8.490000000000000000e+02 3.174904358311901315e-08
8.500000000000000000e+02 3.170929916367004783e-08
8.510000000000000000e+02 3.166965085210098291e-08
8.520000000000000000e+02 3.163009822580784407e-08
8.530000000000000000e+02 3.159064086222483969e-08
8.540000000000000000e+02 3.155127833874943805e-08
8.550000000000000000e+02 3.151201023281443802e-08
8.560000000000000000e+02 3.147283613567152436e-08
8.570000000000000000e+02 3.143375569393273474e-08
8.580000000000000000e+02 3.139476856808480430e-08
8.590000000000000000e+02 3.135587441856735858e-08
8.600000000000000000e+02 3.131707290585899326e-08
8.610000000000000000e+02 3.127836369040980929e-08
8.620000000000000000e+02 3.123974643269306868e-08
8.630000000000000000e+02 3.120122079317190215e-08
8.640000000000000000e+02 3.116278643230015612e-08
8.650000000000000000e+02 3.112444301053986943e-08
8.660000000000000000e+02 3.108619018836192842e-08
8.670000000000000000e+02 3.104802762622990055e-08
8.680000000000000000e+02 3.100995498460081525e-08
8.690000000000000000e+02 3.097197192394250160e-08
8.700000000000000000e+02 3.093407810471758078e-08
8.710000000000000000e+02 3.089627318738418069e-08
8.720000000000000000e+02 3.085855683240491589e-08
8.730000000000000000e+02 3.082092870024748312e-08
8.740000000000000000e+02 3.078338845136885224e-08
8.750000000000000000e+02 3.074593574624064414e-08
8.760000000000000000e+02 3.070857024531688393e-08
8.770000000000000000e+02 3.067129160905939867e-08
8.780000000000000000e+02 3.063409949794643331e-08
8.790000000000000000e+02 3.059699357242448231e-08
8.800000000000000000e+02 3.055997349295788075e-08
8.810000000000000000e+02 3.052303892002116118e-08
8.820000000000000000e+02 3.048618951406734287e-08
8.830000000000000000e+02 3.044942493556101235e-08
8.840000000000000000e+02 3.041274484496277909e-08
8.850000000000000000e+02 3.037614890274600436e-08
8.860000000000000000e+02 3.033963676935730834e-08
8.870000000000000000e+02 3.030320810527336104e-08
8.880000000000000000e+02 3.026686257094550748e-08
8.890000000000000000e+02 3.023059982684826039e-08
8.900000000000000000e+02 3.019441953344017781e-08
8.910000000000000000e+02 3.015832135117247243e-08
8.920000000000000000e+02 3.012230494052925887e-08
8.930000000000000000e+02 3.008636996195691248e-08
8.940000000000000000e+02 3.005051607592801366e-08
8.950000000000000000e+02 3.001474295349563653e-08
8.960000000000000000e+02 2.997905030808009325e-08
8.970000000000000000e+02 2.994343786372614935e-08
8.980000000000000000e+02 2.990790534444597946e-08
8.990000000000000000e+02 2.987245247426527764e-08
9.000000000000000000e+02 2.983707897720659465e-08
9.010000000000000000e+02 2.980178457730392285e-08
9.020000000000000000e+02 2.976656899857848951e-08
9.030000000000000000e+02 2.973143196504566548e-08
9.040000000000000000e+02 2.969637320073712037e-08
9.050000000000000000e+02 2.966139242968439145e-08
9.060000000000000000e+02 2.962648937590268083e-08
9.070000000000000000e+02 2.959166376341295439e-08
9.080000000000000000e+02 2.955691531625622559e-08
9.090000000000000000e+02 2.952224375843920965e-08
9.100000000000000000e+02 2.948764881399443314e-08
9.110000000000000000e+02 2.945313020695632847e-08
9.120000000000000000e+02 2.941868766133011200e-08
9.130000000000000000e+02 2.938432090115895779e-08
9.140000000000000000e+02 2.935002965044754619e-08
9.150000000000000000e+02 2.931581363324403750e-08
9.160000000000000000e+02 2.928167257355638440e-08
9.170000000000000000e+02 2.924760619541158790e-08
9.180000000000000000e+02 2.921361422283970295e-08
9.190000000000000000e+02 2.917969637985801286e-08
9.200000000000000000e+02 2.914585239049994415e-08
9.210000000000000000e+02 2.911208197878439809e-08
9.220000000000000000e+02 2.907838486873715144e-08
9.230000000000000000e+02 2.904476078438988046e-08
9.240000000000000000e+02 2.901120944974981983e-08
9.250000000000000000e+02 2.897773058885779770e-08
9.260000000000000000e+02 2.894432392573576599e-08
9.270000000000000000e+02 2.891098918440798937e-08
9.280000000000000000e+02 2.887772608889291581e-08
9.290000000000000000e+02 2.884453436321680847e-08
9.300000000000000000e+02 2.881141373141288213e-08
9.310000000000000000e+02 2.877836391749127325e-08
9.320000000000000000e+02 2.874538464549632053e-08
9.330000000000000000e+02 2.871247563943313448e-08
9.340000000000000000e+02 2.867963663124629370e-08
9.350000000000000000e+02 2.864686738449814475e-08
9.360000000000000000e+02 2.861416767066804596e-08
9.370000000000000000e+02 2.858153726122390752e-08
9.380000000000000000e+02 2.854897592764888289e-08
9.390000000000000000e+02 2.851648344141079290e-08
9.400000000000000000e+02 2.848405957398877753e-08
9.410000000000000000e+02 2.845170409684996279e-08
9.420000000000000000e+02 2.841941678148304095e-08
9.430000000000000000e+02 2.838719739935375496e-08
9.440000000000000000e+02 2.835504572193846548e-08
9.450000000000000000e+02 2.832296152070802413e-08
9.460000000000000000e+02 2.829094456714698397e-08
9.470000000000000000e+02 2.825899463271657155e-08
9.480000000000000000e+02 2.822711148890886064e-08
9.490000000000000000e+02 2.819529490718185510e-08
9.500000000000000000e+02 2.816354465902054143e-08
9.510000000000000000e+02 2.813186051589997334e-08
9.520000000000000000e+02 2.810024224929048628e-08
9.530000000000000000e+02 2.806868963067652413e-08
9.540000000000000000e+02 2.803720243151328163e-08
9.550000000000000000e+02 2.800578042329392445e-08
9.560000000000000000e+02 2.797442337749241109e-08
9.570000000000000000e+02 2.794313106556863140e-08
9.580000000000000000e+02 2.791190325901461613e-08
9.590000000000000000e+02 2.788073972929769974e-08
9.600000000000000000e+02 2.784964024788618945e-08
9.610000000000000000e+02 2.781860458626788086e-08
9.620000000000000000e+02 2.778763251591410867e-08
9.630000000000000000e+02 2.775672380829156876e-08
9.640000000000000000e+02 2.772587823488085363e-08
9.650000000000000000e+02 2.769509556716093121e-08
9.660000000000000000e+02 2.766437557660062819e-08
9.670000000000000000e+02 2.763371803467704638e-08
9.680000000000000000e+02 2.760312271286695008e-08
9.690000000000000000e+02 2.757258938263823294e-08
9.700000000000000000e+02 2.754211781547492523e-08
9.710000000000000000e+02 2.751170778284856017e-08
9.720000000000000000e+02 2.748135905622975115e-08
9.730000000000000000e+02 2.745107141365006998e-08
9.740000000000000000e+02 2.742084465934951868e-08
9.750000000000000000e+02 2.739067860410720686e-08
9.760000000000000000e+02 2.736057305872101782e-08
9.770000000000000000e+02 2.733052783397855467e-08
9.780000000000000000e+02 2.730054274066769844e-08
9.790000000000000000e+02 2.727061758958060504e-08
9.800000000000000000e+02 2.724075219149796896e-08
9.810000000000000000e+02 2.721094635721914588e-08
9.820000000000000000e+02 2.718119989752684200e-08
9.830000000000000000e+02 2.715151262321068536e-08
9.840000000000000000e+02 2.712188434506456894e-08
9.850000000000000000e+02 2.709231487387757815e-08
9.860000000000000000e+02 2.706280402043143981e-08
9.870000000000000000e+02 2.703335159551740653e-08
9.880000000000000000e+02 2.700395740992713461e-08
9.890000000000000000e+02 2.697462127445659161e-08
9.900000000000000000e+02 2.694534299988418898e-08
9.910000000000000000e+02 2.691612239700042828e-08
9.920000000000000000e+02 2.688695927659884846e-08
9.930000000000000000e+02 2.685785344946707909e-08
9.940000000000000000e+02 2.682880472639074134e-08
9.950000000000000000e+02 2.679981291816364549e-08
9.960000000000000000e+02 2.677087783557882425e-08
9.970000000000000000e+02 2.674199928941343178e-08
9.980000000000000000e+02 2.671317709047048983e-08
9.990000000000000000e+02 2.668441104952583568e-08
1.000000000000000000e+03 2.665570097737609863e-08
1.001000000000000000e+03 2.662704668481091334e-08
1.002000000000000000e+03 2.659844798261682412e-08
1.003000000000000000e+03 2.656990468158101718e-08
1.004000000000000000e+03 2.654141659250130965e-08
1.005000000000000000e+03 2.651298352615870372e-08
1.006000000000000000e+03 2.648460529334612954e-08
1.007000000000000000e+03 2.645628170484724622e-08
1.008000000000000000e+03 2.642801257145884188e-08
1.009000000000000000e+03 2.639979770396970083e-08
1.010000000000000000e+03 2.637163691315827755e-08
1.011000000000000000e+03 2.634353000982719676e-08
1.012000000000000000e+03 2.631547681016954458e-08
1.013000000000000000e+03 2.628747715205773566e-08
1.014000000000000000e+03 2.625953087875324318e-08
1.015000000000000000e+03 2.623163783354374541e-08
1.016000000000000000e+03 2.620379785969120190e-08
1.017000000000000000e+03 2.617601080047758338e-08
1.018000000000000000e+03 2.614827649917742256e-08
1.019000000000000000e+03 2.612059479906696275e-08
1.020000000000000000e+03 2.609296554342110061e-08
1.021000000000000000e+03 2.606538857551038186e-08
1.022000000000000000e+03 2.603786373861005718e-08
1.023000000000000000e+03 2.601039087600303367e-08
1.024000000000000000e+03 2.598296983095284914e-08
1.025000000000000000e+03 2.595560044674268862e-08
1.026000000000000000e+03 2.592828256664238311e-08
1.027000000000000000e+03 2.590101603393532940e-08
1.028000000000000000e+03 2.587380069188567742e-08
1.029000000000000000e+03 2.584663638377109986e-08
1.030000000000000000e+03 2.581952295287380236e-08
1.031000000000000000e+03 2.579246024245979765e-08
1.032000000000000000e+03 2.576544809580556729e-08
1.033000000000000000e+03 2.573848635618914462e-08
1.034000000000000000e+03 2.571157486688126392e-08
1.035000000000000000e+03 2.568471347116597380e-08
1.036000000000000000e+03 2.565790201230829438e-08
1.037000000000000000e+03 2.563114033358068049e-08
1.038000000000000000e+03 2.560442827827168391e-08
1.039000000000000000e+03 2.557776568964797581e-08
1.040000000000000000e+03 2.555115241098071732e-08
1.041000000000000000e+03 2.552458828555412246e-08
1.042000000000000000e+03 2.549807315663360842e-08
1.043000000000000000e+03 2.547160686749764196e-08
1.044000000000000000e+03 2.544518926142325059e-08
1.045000000000000000e+03 2.541882018168313066e-08
1.046000000000000000e+03 2.539249947155429642e-08
1.047000000000000000e+03 2.536622697430946410e-08
1.048000000000000000e+03 2.534000253322562479e-08
1.049000000000000000e+03 2.531382599157545168e-08
1.050000000000000000e+03 2.528769719263589948e-08
1.051000000000000000e+03 2.526161598349841994e-08
1.052000000000000000e+03 2.523558222654409445e-08
1.053000000000000000e+03 2.520959578797316343e-08
1.054000000000000000e+03 2.518365653398548350e-08
1.055000000000000000e+03 2.515776433078292629e-08
1.056000000000000000e+03 2.513191904455487631e-08
1.057000000000000000e+03 2.510612054150883335e-08
1.058000000000000000e+03 2.508036868784458453e-08
1.059000000000000000e+03 2.505466334975666273e-08
1.060000000000000000e+03 2.502900439344796530e-08
1.061000000000000000e+03 2.500339168510971971e-08
1.062000000000000000e+03 2.497782509095735673e-08
1.063000000000000000e+03 2.495230447717713744e-08
1.064000000000000000e+03 2.492682970996755197e-08
1.065000000000000000e+03 2.490140065553605706e-08
1.066000000000000000e+03 2.487601718007924363e-08
1.067000000000000000e+03 2.485067914979630986e-08
1.068000000000000000e+03 2.482538643088037582e-08
1.069000000000000000e+03 2.480013888953735308e-08
1.070000000000000000e+03 2.477493639196624462e-08
1.071000000000000000e+03 2.474977880436699969e-08
1.072000000000000000e+03 2.472466599293737389e-08
1.073000000000000000e+03 2.469959782387525845e-08
1.074000000000000000e+03 2.467457416337558330e-08
1.075000000000000000e+03 2.464959487764893194e-08
1.076000000000000000e+03 2.462465983288574437e-08
1.077000000000000000e+03 2.459976889529131344e-08
1.078000000000000000e+03 2.457492193106090326e-08
1.079000000000000000e+03 2.455011880639294440e-08
1.080000000000000000e+03 2.452535938749128378e-08
1.081000000000000000e+03 2.450064354055131457e-08
1.082000000000000000e+03 2.447597113177305883e-08
1.083000000000000000e+03 2.445134202735806392e-08
1.084000000000000000e+03 2.442675609350094876e-08
1.085000000000000000e+03 2.440221319640242694e-08
1.086000000000000000e+03 2.437771320226621304e-08
1.087000000000000000e+03 2.435325597729058211e-08
1.088000000000000000e+03 2.432884138767071555e-08
1.089000000000000000e+03 2.430446929960627476e-08
1.090000000000000000e+03 2.428013958264283033e-08
1.091000000000000000e+03 2.425585211969024348e-08
1.092000000000000000e+03 2.423160679700580331e-08
1.093000000000000000e+03 2.420740350083940722e-08
1.094000000000000000e+03 2.418324211745121630e-08
1.095000000000000000e+03 2.415912253309781488e-08
1.096000000000000000e+03 2.413504463402887869e-08
1.097000000000000000e+03 2.411100830650475740e-08
1.098000000000000000e+03 2.408701343677224484e-08
1.099000000000000000e+03 2.406305991109780851e-08
1.100000000000000000e+03 2.403914761572770293e-08
1.101000000000000000e+03 2.401527643692634417e-08
1.102000000000000000e+03 2.399144626093663832e-08
1.103000000000000000e+03 2.396765697401816742e-08
1.104000000000000000e+03 2.394390846243344506e-08
1.105000000000000000e+03 2.392020061242920550e-08
1.106000000000000000e+03 2.389653331026402825e-08
1.107000000000000000e+03 2.387290644218965036e-08
1.108000000000000000e+03 2.384931989446815528e-08
1.109000000000000000e+03 2.382577355334314724e-08
1.110000000000000000e+03 2.380226730508251647e-08
1.111000000000000000e+03 2.377880103593427443e-08
1.112000000000000000e+03 2.375537463215395989e-08
1.113000000000000000e+03 2.373198798000135012e-08
1.114000000000000000e+03 2.370864096572200148e-08
1.115000000000000000e+03 2.368533347557952274e-08
1.116000000000000000e+03 2.366206539582697776e-08
1.117000000000000000e+03 2.363883661271885315e-08
1.118000000000000000e+03 2.361564701250790506e-08
1.119000000000000000e+03 2.359249648145691837e-08
1.120000000000000000e+03 2.356938490581049656e-08
1.121000000000000000e+03 2.354631217183193403e-08
1.122000000000000000e+03 2.352327816576999002e-08
1.123000000000000000e+03 2.350028277388568255e-08
1.124000000000000000e+03 2.347732588242914727e-08
1.125000000000000000e+03 2.345440737766137241e-08
1.126000000000000000e+03 2.343152714583112714e-08
1.127000000000000000e+03 2.340868507319665013e-08
1.128000000000000000e+03 2.338588104601744736e-08
1.129000000000000000e+03 2.336311495330426716e-08
1.130000000000000000e+03 2.334038669512966154e-08
1.131000000000000000e+03 2.331769617433627798e-08
1.132000000000000000e+03 2.329504329375587500e-08
1.133000000000000000e+03 2.327242795622558774e-08
1.134000000000000000e+03 2.324985006458450024e-08
1.135000000000000000e+03 2.322730952166541653e-08
1.136000000000000000e+03 2.320480623030125978e-08
1.137000000000000000e+03 2.318234009333628885e-08
1.138000000000000000e+03 2.315991101359842742e-08
1.139000000000000000e+03 2.313751889392991933e-08
1.140000000000000000e+03 2.311516363715973714e-08
1.141000000000000000e+03 2.309284514613409183e-08
1.142000000000000000e+03 2.307056332368410001e-08
1.143000000000000000e+03 2.304831807264181466e-08
1.144000000000000000e+03 2.302610929584647861e-08
1.145000000000000000e+03 2.300393689614117610e-08
1.146000000000000000e+03 2.298180077635036328e-08
1.147000000000000000e+03 2.295970083931492741e-08
1.148000000000000000e+03 2.293763698787443228e-08
1.149000000000000000e+03 2.291560912486386898e-08
1.150000000000000000e+03 2.289361715311517471e-08
1.151000000000000000e+03 2.287166097546815144e-08
1.152000000000000000e+03 2.284974049475300590e-08
1.153000000000000000e+03 2.282785561381545276e-08
1.154000000000000000e+03 2.280600623548506346e-08
1.155000000000000000e+03 2.278419226260037938e-08
1.156000000000000000e+03 2.276241359799621296e-08
1.157000000000000000e+03 2.274067014450980195e-08
1.158000000000000000e+03 2.271896180497755029e-08
1.159000000000000000e+03 2.269728848223184181e-08
1.160000000000000000e+03 2.267565007911178701e-08
1.161000000000000000e+03 2.265404649845536147e-08
1.162000000000000000e+03 2.263247764309616002e-08
1.163000000000000000e+03 2.261094341587415672e-08
1.164000000000000000e+03 2.258944371961857227e-08
1.165000000000000000e+03 2.256797845716785541e-08
1.166000000000000000e+03 2.254654753136184123e-08
1.167000000000000000e+03 2.252515084503393266e-08
1.168000000000000000e+03 2.250378830332724589e-08
1.169000000000000000e+03 2.248245982060845395e-08
1.170000000000000000e+03 2.246116531356182120e-08
1.171000000000000000e+03 2.243990469885407576e-08
1.172000000000000000e+03 2.241867789316321526e-08
1.173000000000000000e+03 2.239748481316592048e-08
1.174000000000000000e+03 2.237632537553879607e-08
1.175000000000000000e+03 2.235519949695498908e-08
1.176000000000000000e+03 2.233410709409454857e-08
1.177000000000000000e+03 2.231304808363194506e-08
1.178000000000000000e+03 2.229202238224184761e-08
1.179000000000000000e+03 2.227102990660031496e-08
1.180000000000000000e+03 2.225007057338148346e-08
1.181000000000000000e+03 2.222914429926327794e-08
1.182000000000000000e+03 2.220825100091955685e-08
1.183000000000000000e+03 2.218739059503035598e-08
1.184000000000000000e+03 2.216656299826953376e-08
1.185000000000000000e+03 2.214576812731054163e-08
1.186000000000000000e+03 2.212500589882754575e-08
1.187000000000000000e+03 2.210427622950557477e-08
1.188000000000000000e+03 2.208357903601042707e-08
1.189000000000000000e+03 2.206291423502555638e-08
1.190000000000000000e+03 2.204228174322204840e-08
1.191000000000000000e+03 2.202168147727763939e-08
1.192000000000000000e+03 2.200111335386454333e-08
1.193000000000000000e+03 2.198057728966389452e-08
1.194000000000000000e+03 2.196007320134485963e-08
1.195000000000000000e+03 2.193960100559225888e-08
1.196000000000000000e+03 2.191916061907686364e-08
1.197000000000000000e+03 2.189875195847423303e-08
1.198000000000000000e+03 2.187837494046143163e-08
1.199000000000000000e+03 2.185802948170946573e-08
1.200000000000000000e+03 2.183771549890191149e-08
1.201000000000000000e+03 2.181743290870985461e-08
1.202000000000000000e+03 2.179718162781053173e-08
1.203000000000000000e+03 2.177696157287973356e-08
1.204000000000000000e+03 2.175677266059301590e-08
1.205000000000000000e+03 2.173661480762677828e-08
1.206000000000000000e+03 2.171648793065514713e-08
1.207000000000000000e+03 2.169639194787660046e-08
1.208000000000000000e+03 2.167632678357137905e-08
1.209000000000000000e+03 2.165629236353826843e-08
1.210000000000000000e+03 2.163628861358659574e-08
1.211000000000000000e+03 2.161631545950717913e-08
1.212000000000000000e+03 2.159637282711195631e-08
1.213000000000000000e+03 2.157646064219214248e-08
1.214000000000000000e+03 2.155657883056201792e-08
1.215000000000000000e+03 2.153672731801296326e-08
1.216000000000000000e+03 2.151690603034860140e-08
1.217000000000000000e+03 2.149711489337299199e-08
1.218000000000000000e+03 2.147735383288316033e-08
1.219000000000000000e+03 2.145762277468707368e-08
1.220000000000000000e+03 2.143792164458340509e-08
1.221000000000000000e+03 2.141825036837108899e-08
1.222000000000000000e+03 2.139860887185867828e-08
1.223000000000000000e+03 2.137899708084008144e-08
1.224000000000000000e+03 2.135941492112082721e-08
1.225000000000000000e+03 2.133986231850221906e-08
1.226000000000000000e+03 2.132033919878233779e-08
1.227000000000000000e+03 2.130084548776959731e-08
1.228000000000000000e+03 2.128138111125862082e-08
1.229000000000000000e+03 2.126194599505632337e-08
1.230000000000000000e+03 2.124254006496199345e-08
1.231000000000000000e+03 2.122316324678080243e-08
1.232000000000000000e+03 2.120381546630401844e-08
1.233000000000000000e+03 2.118449664934730814e-08
1.234000000000000000e+03 2.116520672170197273e-08
1.235000000000000000e+03 2.114594560916910064e-08
1.236000000000000000e+03 2.112671323756045091e-08
1.237000000000000000e+03 2.110750953266648103e-08
1.238000000000000000e+03 2.108833442029437740e-08
1.239000000000000000e+03 2.106918782624437478e-08
1.240000000000000000e+03 2.105006967631887184e-08
1.241000000000000000e+03 2.103097989631937060e-08
1.242000000000000000e+03 2.101191841204739621e-08
1.243000000000000000e+03 2.099288514930550286e-08
1.244000000000000000e+03 2.097388003389410399e-08
1.245000000000000000e+03 2.095490299161251454e-08
1.246000000000000000e+03 2.093595395025348524e-08
1.247000000000000000e+03 2.091703284555140547e-08
1.248000000000000000e+03 2.089813961523449744e-08
1.249000000000000000e+03 2.087927419702166269e-08
1.250000000000000000e+03 2.086043652864336345e-08
1.251000000000000000e+03 2.084162654782232943e-08
1.252000000000000000e+03 2.082284419228238888e-08
1.253000000000000000e+03 2.080408939974928247e-08
1.254000000000000000e+03 2.078536210794742075e-08
1.255000000000000000e+03 2.076666225459670451e-08
1.256000000000000000e+03 2.074798977742929003e-08
1.257000000000000000e+03 2.072934461417036873e-08
1.258000000000000000e+03 2.071072670253509338e-08
1.259000000000000000e+03 2.069213598025712903e-08
1.260000000000000000e+03 2.067357238505767347e-08
1.261000000000000000e+03 2.065503585465817598e-08
1.262000000000000000e+03 2.063652632678899619e-08
1.263000000000000000e+03 2.061804373917438585e-08
1.264000000000000000e+03 2.059958802953723682e-08
1.265000000000000000e+03 2.058115913559987186e-08
1.266000000000000000e+03 2.056275699508872979e-08
1.267000000000000000e+03 2.054438154572730465e-08
1.268000000000000000e+03 2.052603272524474841e-08
1.269000000000000000e+03 2.050771047136489260e-08
1.270000000000000000e+03 2.048941472180707883e-08
1.271000000000000000e+03 2.047114541429860618e-08
1.272000000000000000e+03 2.045290248656379918e-08
1.273000000000000000e+03 2.043468587633257081e-08
1.274000000000000000e+03 2.041649552132176789e-08
1.275000000000000000e+03 2.039833135925924536e-08
1.276000000000000000e+03 2.038019332786910277e-08
1.277000000000000000e+03 2.036208136488016783e-08
1.278000000000000000e+03 2.034399540801137848e-08
1.279000000000000000e+03 2.032593539498793607e-08
1.280000000000000000e+03 2.030790126353820176e-08
1.281000000000000000e+03 2.028989295138678136e-08
1.282000000000000000e+03 2.027191039625530278e-08
1.283000000000000000e+03 2.025395353586701522e-08
1.284000000000000000e+03 2.023602230795134528e-08
1.285000000000000000e+03 2.021811665137763730e-08
1.286000000000000000e+03 2.020023650960550567e-08
1.287000000000000000e+03 2.018238182725371284e-08
1.288000000000000000e+03 2.016455254892622796e-08
1.289000000000000000e+03 2.014674861923568573e-08
1.290000000000000000e+03 2.012896998279266281e-08
1.291000000000000000e+03 2.011121658421013138e-08
1.292000000000000000e+03 2.009348836809279844e-08
1.293000000000000000e+03 2.007578527905288179e-08
1.294000000000000000e+03 2.005810726170319147e-08
1.295000000000000000e+03 2.004045426065031384e-08
1.296000000000000000e+03 2.002282622051025849e-08
1.297000000000000000e+03 2.000522308588666038e-08
1.298000000000000000e+03 1.998764480139760699e-08
1.299000000000000000e+03 1.997009131165014787e-08
1.300000000000000000e+03 1.995256256125216972e-08
1.301000000000000000e+03 1.993505849481305474e-08
1.302000000000000000e+03 1.991757905695172420e-08
1.303000000000000000e+03 1.990012419227132669e-08
1.304000000000000000e+03 1.988269384538217418e-08
1.305000000000000000e+03 1.986528796089864175e-08
1.306000000000000000e+03 1.984790648342873850e-08
1.307000000000000000e+03 1.983054935758217421e-08
1.308000000000000000e+03 1.981321652797098138e-08
1.309000000000000000e+03 1.979590793920646461e-08
1.310000000000000000e+03 1.977862353589987885e-08
1.311000000000000000e+03 1.976136326265574580e-08
1.312000000000000000e+03 1.974412706409081290e-08
1.313000000000000000e+03 1.972691488480905592e-08
1.314000000000000000e+03 1.970972666942795021e-08
1.315000000000000000e+03 1.969256236255714268e-08
1.316000000000000000e+03 1.967542190880282926e-08
1.317000000000000000e+03 1.965830525277563955e-08
1.318000000000000000e+03 1.964121233908763253e-08
1.319000000000000000e+03 1.962414311235291527e-08
1.320000000000000000e+03 1.960709751717744878e-08
1.321000000000000000e+03 1.959007549817055571e-08
1.322000000000000000e+03 1.957307699994551265e-08
1.323000000000000000e+03 1.955610196711297568e-08
1.324000000000000000e+03 1.953915034567489219e-08
1.325000000000000000e+03 1.952222208720948886e-08
1.326000000000000000e+03 1.950531714468416943e-08
1.327000000000000000e+03 1.948843547107291865e-08
1.328000000000000000e+03 1.947157701933898451e-08
1.329000000000000000e+03 1.945474174246037518e-08
1.330000000000000000e+03 1.943792959340189373e-08
1.331000000000000000e+03 1.942114052513346514e-08
1.332000000000000000e+03 1.940437449062710548e-08
1.333000000000000000e+03 1.938763144285037069e-08
1.334000000000000000e+03 1.937091133477396329e-08
1.335000000000000000e+03 1.935421411936872807e-08
1.336000000000000000e+03 1.933753974960263455e-08
1.337000000000000000e+03 1.932088817844486986e-08
1.338000000000000000e+03 1.930425935886982905e-08
1.339000000000000000e+03 1.928765324384362545e-08
1.340000000000000000e+03 1.927106978633863248e-08
1.341000000000000000e+03 1.925450893932001386e-08
1.342000000000000000e+03 1.923797065576372637e-08
1.343000000000000000e+03 1.922145488863605869e-08
1.344000000000000000e+03 1.920496159090468255e-08
1.345000000000000000e+03 1.918849071554260004e-08
1.346000000000000000e+03 1.917204221552170813e-08
1.347000000000000000e+03 1.915561604380987045e-08
1.348000000000000000e+03 1.913921215337491095e-08
1.349000000000000000e+03 1.912283049718512007e-08
1.350000000000000000e+03 1.910647102821667628e-08
1.351000000000000000e+03 1.909013369943690720e-08
1.352000000000000000e+03 1.907381846381513562e-08
1.353000000000000000e+03 1.905752527431979759e-08
1.354000000000000000e+03 1.904125408391892548e-08
1.355000000000000000e+03 1.902500484559094438e-08
1.356000000000000000e+03 1.900877751229777546e-08
1.357000000000000000e+03 1.899257203700933707e-08
1.358000000000000000e+03 1.897638837270059998e-08
1.359000000000000000e+03 1.896022647233845508e-08
1.360000000000000000e+03 1.894408628889245675e-08
1.361000000000000000e+03 1.892796777533193771e-08
1.362000000000000000e+03 1.891187088462650528e-08
1.363000000000000000e+03 1.889579557035150786e-08
1.364000000000000000e+03 1.887974178846928232e-08
1.365000000000000000e+03 1.886370949555659858e-08
1.366000000000000000e+03 1.884769864818145185e-08
1.367000000000000000e+03 1.883170920291371005e-08
1.368000000000000000e+03 1.881574111632889244e-08
1.369000000000000000e+03 1.879979434499187077e-08
1.370000000000000000e+03 1.878386884547409455e-08
1.371000000000000000e+03 1.876796457434737724e-08
1.372000000000000000e+03 1.875208148818430325e-08
1.373000000000000000e+03 1.873621954355538902e-08
1.374000000000000000e+03 1.872037869702620446e-08
1.375000000000000000e+03 1.870455890517449226e-08
1.376000000000000000e+03 1.868876012456400916e-08
1.377000000000000000e+03 1.867298231176823621e-08
1.378000000000000000e+03 1.865722542336089931e-08
1.379000000000000000e+03 1.864148941590975876e-08
1.380000000000000000e+03 1.862577424598374613e-08
1.381000000000000000e+03 1.861007987015669319e-08
1.382000000000000000e+03 1.859440624499786569e-08
1.383000000000000000e+03 1.857875332707905395e-08
1.384000000000000000e+03 1.856312107296842522e-08
1.385000000000000000e+03 1.854750943923754480e-08
1.386000000000000000e+03 1.853191838245855704e-08
1.387000000000000000e+03 1.851634785920135634e-08
1.388000000000000000e+03 1.850079782603405371e-08
1.389000000000000000e+03 1.848526823953320070e-08
1.390000000000000000e+03 1.846975905626143570e-08
1.391000000000000000e+03 1.845427023279723263e-08
1.392000000000000000e+03 1.843880172570607536e-08
1.393000000000000000e+03 1.842335349156364196e-08
1.394000000000000000e+03 1.840792548693357665e-08
1.395000000000000000e+03 1.839251766839059465e-08
1.396000000000000000e+03 1.837712999250472602e-08
1.397000000000000000e+03 1.836176241584825406e-08
1.398000000000000000e+03 1.834641489498971331e-08
1.399000000000000000e+03 1.833108738650076170e-08
1.400000000000000000e+03 1.831577984695340794e-08
1.401000000000000000e+03 1.830049223291404579e-08
1.402000000000000000e+03 1.828522450177446293e-08
1.403000000000000000e+03 1.826997661420249587e-08
1.404000000000000000e+03 1.825474853167928162e-08
1.405000000000000000e+03 1.823954021568915011e-08
1.406000000000000000e+03 1.822435162771367513e-08
1.407000000000000000e+03 1.820918272924472717e-08
1.408000000000000000e+03 1.819403348175948604e-08
1.409000000000000000e+03 1.817890384674619918e-08
1.410000000000000000e+03 1.816379378568557681e-08
1.411000000000000000e+03 1.814870326006382820e-08
1.412000000000000000e+03 1.813363223136354952e-08
1.413000000000000000e+03 1.811858066107046368e-08
1.414000000000000000e+03 1.810354851066745140e-08
1.415000000000000000e+03 1.808853574164126790e-08
1.416000000000000000e+03 1.807354231547348697e-08
1.417000000000000000e+03 1.805856819364718451e-08
1.418000000000000000e+03 1.804361333765041280e-08
1.419000000000000000e+03 1.802867770896100011e-08
1.420000000000000000e+03 1.801376126907183937e-08
1.421000000000000000e+03 1.799886397946016660e-08
1.422000000000000000e+03 1.798398580161280983e-08
1.423000000000000000e+03 1.796912669701414532e-08
1.424000000000000000e+03 1.795428662714646814e-08
1.425000000000000000e+03 1.793946555349349611e-08
1.426000000000000000e+03 1.792466343754382080e-08
1.427000000000000000e+03 1.790988024077582637e-08
1.428000000000000000e+03 1.789511592467971905e-08
1.429000000000000000e+03 1.788037045073317163e-08
1.430000000000000000e+03 1.786564378042640357e-08
1.431000000000000000e+03 1.785093587523791484e-08
1.432000000000000000e+03 1.783624669665638303e-08
1.433000000000000000e+03 1.782157620616261760e-08
1.434000000000000000e+03 1.780692436524219918e-08
1.435000000000000000e+03 1.779229113538277635e-08
1.436000000000000000e+03 1.777767647806225022e-08
1.437000000000000000e+03 1.776308035476745871e-08
1.438000000000000000e+03 1.774850272698230496e-08
1.439000000000000000e+03 1.773394355619125784e-08
1.440000000000000000e+03 1.771940280387660583e-08
1.441000000000000000e+03 1.770488043210854441e-08
1.442000000000000000e+03 1.769037640526561916e-08
1.443000000000000000e+03 1.767589068831241323e-08
1.444000000000000000e+03 1.766142324621765234e-08
1.445000000000000000e+03 1.764697404394549283e-08
1.446000000000000000e+03 1.763254304645890983e-08
1.447000000000000000e+03 1.761813021872301262e-08
1.448000000000000000e+03 1.760373552570239098e-08
1.449000000000000000e+03 1.758935893236144280e-08
1.450000000000000000e+03 1.757500040366469169e-08
1.451000000000000000e+03 1.756065990458015199e-08
1.452000000000000000e+03 1.754633740007064000e-08
1.453000000000000000e+03 1.753203285510012349e-08
1.454000000000000000e+03 1.751774623463405250e-08
1.455000000000000000e+03 1.750347750363668597e-08
1.456000000000000000e+03 1.748922662707145563e-08
1.457000000000000000e+03 1.747499356990719968e-08
1.458000000000000000e+03 1.746077829710665502e-08
1.459000000000000000e+03 1.744658077363271076e-08
1.460000000000000000e+03 1.743240096445169377e-08
1.461000000000000000e+03 1.741823883452779681e-08
1.462000000000000000e+03 1.740409434882633428e-08
1.463000000000000000e+03 1.738996747231407310e-08
1.464000000000000000e+03 1.737585816995078226e-08
1.465000000000000000e+03 1.736176640670712637e-08
1.466000000000000000e+03 1.734769214754447584e-08
1.467000000000000000e+03 1.733363535742698701e-08
1.468000000000000000e+03 1.731959600132188343e-08
1.469000000000000000e+03 1.730557404419103841e-08
1.470000000000000000e+03 1.729156945100005093e-08
1.471000000000000000e+03 1.727758218671565813e-08
1.472000000000000000e+03 1.726361221630022633e-08
1.473000000000000000e+03 1.724965950472080042e-08
1.474000000000000000e+03 1.723572401694074264e-08
1.475000000000000000e+03 1.722180571792581408e-08
1.476000000000000000e+03 1.720790457263874171e-08
1.477000000000000000e+03 1.719402054604818506e-08
1.478000000000000000e+03 1.718015360311465758e-08
1.479000000000000000e+03 1.716630370880235532e-08
1.480000000000000000e+03 1.715247082866140607e-08
1.481000000000000000e+03 1.713865493055040680e-08
1.482000000000000000e+03 1.712485598292018602e-08
1.483000000000000000e+03 1.711107395420768554e-08
1.484000000000000000e+03 1.709730881286201664e-08
1.485000000000000000e+03 1.708356052732756243e-08
1.486000000000000000e+03 1.706982906604998983e-08
1.487000000000000000e+03 1.705611439746801742e-08
1.488000000000000000e+03 1.704241649003074325e-08
1.489000000000000000e+03 1.702873531218088615e-08
1.490000000000000000e+03 1.701507083236640598e-08
1.491000000000000000e+03 1.700142301902664336e-08
1.492000000000000000e+03 1.698779184060676888e-08
1.493000000000000000e+03 1.697417726555519238e-08
1.494000000000000000e+03 1.696057926231258129e-08
1.495000000000000000e+03 1.694699779932344114e-08
1.496000000000000000e+03 1.693343284503635384e-08
1.497000000000000000e+03 1.691988436789023648e-08
1.498000000000000000e+03 1.690635233633146404e-08
1.499000000000000000e+03 1.689283671880852245e-08
1.500000000000000000e+03 1.687933748375831713e-08
1.501000000000000000e+03 1.686585459963161371e-08
1.502000000000000000e+03 1.685238803487095568e-08
1.503000000000000000e+03 1.683893775791932655e-08
1.504000000000000000e+03 1.682550373722047086e-08
1.505000000000000000e+03 1.681208594122187533e-08
1.506000000000000000e+03 1.679868433836676501e-08
1.507000000000000000e+03 1.678529889709991676e-08
1.508000000000000000e+03 1.677192958586517438e-08
1.509000000000000000e+03 1.675857637310572654e-08
1.510000000000000000e+03 1.674523922726714089e-08
1.511000000000000000e+03 1.673191811679488580e-08
1.512000000000000000e+03 1.671861301013183894e-08
1.513000000000000000e+03 1.670532387572408409e-08
1.514000000000000000e+03 1.669205068201295043e-08
1.515000000000000000e+03 1.667879339744622906e-08
1.516000000000000000e+03 1.666555199046752556e-08
1.517000000000000000e+03 1.665232642952197744e-08
1.518000000000000000e+03 1.663911668305109252e-08
1.519000000000000000e+03 1.662592272007538193e-08
1.520000000000000000e+03 1.661274451191934263e-08
1.521000000000000000e+03 1.659958203048119745e-08
1.522000000000000000e+03 1.658643524766018170e-08
1.523000000000000000e+03 1.657330413534862535e-08
1.524000000000000000e+03 1.656018866545120326e-08
1.525000000000000000e+03 1.654708880986345818e-08
1.526000000000000000e+03 1.653400454048020827e-08
1.527000000000000000e+03 1.652093582920658496e-08
1.528000000000000000e+03 1.650788264793395211e-08
1.529000000000000000e+03 1.649484496856713675e-08
1.530000000000000000e+03 1.648182276299775419e-08
1.531000000000000000e+03 1.646881600312593639e-08
1.532000000000000000e+03 1.645582466085251346e-08
1.533000000000000000e+03 1.644284870807391158e-08
1.534000000000000000e+03 1.642988811668772162e-08
1.535000000000000000e+03 1.641694285859297704e-08
1.536000000000000000e+03 1.640401290568501878e-08
1.537000000000000000e+03 1.639109822986641071e-08
1.538000000000000000e+03 1.637819880303385694e-08
1.539000000000000000e+03 1.636531459708376052e-08
1.540000000000000000e+03 1.635244558391514498e-08
1.541000000000000000e+03 1.633959173542453908e-08
1.542000000000000000e+03 1.632675302351420229e-08
1.543000000000000000e+03 1.631392942007909836e-08
1.544000000000000000e+03 1.630112089701772803e-08
1.545000000000000000e+03 1.628832742622970381e-08
1.546000000000000000e+03 1.627554897961074712e-08
1.547000000000000000e+03 1.626278552906340530e-08
1.548000000000000000e+03 1.625003704647893631e-08
1.549000000000000000e+03 1.623730350376113817e-08
1.550000000000000000e+03 1.622458487280561984e-08
1.551000000000000000e+03 1.621188112551310883e-08
1.552000000000000000e+03 1.619919223377665644e-08
1.553000000000000000e+03 1.618651816950010040e-08
1.554000000000000000e+03 1.617385890457746146e-08
1.555000000000000000e+03 1.616121441090879880e-08
1.556000000000000000e+03 1.614858466039263633e-08
1.557000000000000000e+03 1.613596962492619765e-08
1.558000000000000000e+03 1.612336927684022840e-08
1.559000000000000000e+03 1.611078359019596253e-08
1.560000000000000000e+03 1.609821253948672339e-08
1.561000000000000000e+03 1.608565609920764747e-08
1.562000000000000000e+03 1.607311424385069491e-08
1.563000000000000000e+03 1.606058694790745196e-08
1.564000000000000000e+03 1.604807418587707854e-08
1.565000000000000000e+03 1.603557593224848083e-08
1.566000000000000000e+03 1.602309216151597147e-08
1.567000000000000000e+03 1.601062284817687403e-08
1.568000000000000000e+03 1.599816796672150421e-08
1.569000000000000000e+03 1.598572749164361879e-08
1.570000000000000000e+03 1.597330139743549885e-08
1.571000000000000000e+03 1.596088965859581791e-08
1.572000000000000000e+03 1.594849224961199656e-08
1.573000000000000000e+03 1.593610914498334690e-08
1.574000000000000000e+03 1.592374031919837145e-08
1.575000000000000000e+03 1.591138574675527722e-08
1.576000000000000000e+03 1.589904540214446594e-08
1.577000000000000000e+03 1.588671925986136528e-08
1.578000000000000000e+03 1.587440729439655234e-08
1.579000000000000000e+03 1.586210948024854844e-08
1.580000000000000000e+03 1.584982579190639542e-08
1.581000000000000000e+03 1.583755620386748304e-08
1.582000000000000000e+03 1.582530069062265970e-08
1.583000000000000000e+03 1.581305922666900082e-08
1.584000000000000000e+03 1.580083178649494936e-08
1.585000000000000000e+03 1.578861834459808368e-08
1.586000000000000000e+03 1.577641887547028118e-08
1.587000000000000000e+03 1.576423335360791915e-08
1.588000000000000000e+03 1.575206175349961591e-08
1.589000000000000000e+03 1.573990404964385971e-08
1.590000000000000000e+03 1.572776021653180336e-08
1.591000000000000000e+03 1.571563022865740215e-08
1.592000000000000000e+03 1.570351406051513415e-08
1.593000000000000000e+03 1.569141168659524227e-08
1.594000000000000000e+03 1.567932308139632064e-08
1.595000000000000000e+03 1.566724821941065365e-08
1.596000000000000000e+03 1.565518707512939740e-08
1.597000000000000000e+03 1.564313962390939886e-08
1.598000000000000000e+03 1.563110584455485959e-08
1.599000000000000000e+03 1.561908571673200921e-08
1.600000000000000000e+03 1.560707922010047647e-08
1.601000000000000000e+03 1.559508633433309522e-08
1.602000000000000000e+03 1.558310703908907729e-08
1.603000000000000000e+03 1.557114131403622398e-08
1.604000000000000000e+03 1.555918913883641393e-08
1.605000000000000000e+03 1.554725049316040314e-08
1.606000000000000000e+03 1.553532535667089082e-08
1.607000000000000000e+03 1.552341370903002696e-08
1.608000000000000000e+03 1.551151552990685362e-08
1.609000000000000000e+03 1.549963079896530088e-08
1.610000000000000000e+03 1.548775949587161490e-08
1.611000000000000000e+03 1.547590160028728394e-08
1.612000000000000000e+03 1.546405709188126733e-08
1.613000000000000000e+03 1.545222595031806424e-08
1.614000000000000000e+03 1.544040815526029449e-08
1.615000000000000000e+03 1.542860368637609687e-08
1.616000000000000000e+03 1.541681252332961982e-08
1.617000000000000000e+03 1.540503464578602425e-08
1.618000000000000000e+03 1.539327003340921379e-08
1.619000000000000000e+03 1.538151866586679780e-08
1.620000000000000000e+03 1.536978052282306040e-08
1.621000000000000000e+03 1.535805558394148167e-08
1.622000000000000000e+03 1.534634382888973054e-08
1.623000000000000000e+03 1.533464523733020186e-08
1.624000000000000000e+03 1.532295978892976714e-08
1.625000000000000000e+03 1.531128746335512256e-08
1.626000000000000000e+03 1.529962824026819972e-08
1.627000000000000000e+03 1.528798209933585030e-08
1.628000000000000000e+03 1.527634902022282495e-08
1.629000000000000000e+03 1.526472898259434744e-08
1.630000000000000000e+03 1.525312196611388795e-08
1.631000000000000000e+03 1.524152795045038264e-08
1.632000000000000000e+03 1.522994691526896267e-08
1.633000000000000000e+03 1.521837884022874721e-08
1.634000000000000000e+03 1.520682370500185876e-08
1.635000000000000000e+03 1.519528148925000061e-08
1.636000000000000000e+03 1.518375217229622170e-08
1.637000000000000000e+03 1.517223573208673548e-08
1.638000000000000000e+03 1.516073214622923999e-08
1.639000000000000000e+03 1.514924139232941162e-08
1.640000000000000000e+03 1.513776344799109046e-08
1.641000000000000000e+03 1.512629829081878494e-08
1.642000000000000000e+03 1.511484589842016662e-08
1.643000000000000000e+03 1.510340624839923109e-08
1.644000000000000000e+03 1.509197931836113859e-08
1.645000000000000000e+03 1.508056508591004683e-08
1.646000000000000000e+03 1.506916352865392517e-08
1.647000000000000000e+03 1.505777462419774526e-08
1.648000000000000000e+03 1.504639835014367296e-08
1.649000000000000000e+03 1.503503468410046840e-08
1.650000000000000000e+03 1.502368360367210070e-08
1.651000000000000000e+03 1.501234508646252904e-08
1.652000000000000000e+03 1.500101911007818752e-08
1.653000000000000000e+03 1.498970565212581467e-08
1.654000000000000000e+03 1.497840469020804285e-08
1.655000000000000000e+03 1.496711620193274218e-08
1.656000000000000000e+03 1.495584016490171123e-08
1.657000000000000000e+03 1.494457655672460681e-08
1.658000000000000000e+03 1.493332535500304553e-08
1.659000000000000000e+03 1.492208653734452690e-08
1.660000000000000000e+03 1.491086008135343693e-08
1.661000000000000000e+03 1.489964596463577464e-08
1.662000000000000000e+03 1.488844416479477625e-08
1.663000000000000000e+03 1.487725465943788173e-08
1.664000000000000000e+03 1.486607742617008422e-08
1.665000000000000000e+03 1.485491244259637193e-08
1.666000000000000000e+03 1.484375968632187037e-08
1.667000000000000000e+03 1.483261913495202930e-08
1.668000000000000000e+03 1.482149076609276500e-08
1.669000000000000000e+03 1.481037455734610769e-08
1.670000000000000000e+03 1.479927048632165792e-08
1.671000000000000000e+03 1.478817853062318957e-08
1.672000000000000000e+03 1.477709866785560317e-08
1.673000000000000000e+03 1.476603087562281158e-08
1.674000000000000000e+03 1.475497513153241689e-08
1.675000000000000000e+03 1.474393141439547301e-08
1.676000000000000000e+03 1.473289970784545550e-08
1.677000000000000000e+03 1.472187999672597202e-08
1.678000000000000000e+03 1.471087226587270258e-08
1.679000000000000000e+03 1.469987650013359425e-08
1.680000000000000000e+03 1.468889268434442297e-08
1.681000000000000000e+03 1.467792080334675493e-08
1.682000000000000000e+03 1.466696084198358407e-08
1.683000000000000000e+03 1.465601278509276090e-08
1.684000000000000000e+03 1.464507661751822065e-08
1.685000000000000000e+03 1.463415232410119866e-08
1.686000000000000000e+03 1.462323988968035940e-08
1.687000000000000000e+03 1.461233929909632276e-08
1.688000000000000000e+03 1.460145053719176338e-08
1.689000000000000000e+03 1.459057358880709603e-08
1.690000000000000000e+03 1.457970843878280660e-08
1.691000000000000000e+03 1.456885507196174179e-08
1.692000000000000000e+03 1.455801347318043854e-08
1.693000000000000000e+03 1.454718362728458572e-08
1.694000000000000000e+03 1.453636551911377092e-08
1.695000000000000000e+03 1.452555913350600015e-08
1.696000000000000000e+03 1.451476445530652059e-08
1.697000000000000000e+03 1.450398146935264341e-08
1.698000000000000000e+03 1.449321016048913105e-08
1.699000000000000000e+03 1.448245051355302504e-08
1.700000000000000000e+03 1.447170251338684779e-08
1.701000000000000000e+03 1.446096614483215393e-08
1.702000000000000000e+03 1.445024139272964279e-08
1.703000000000000000e+03 1.443952824191926426e-08
1.704000000000000000e+03 1.442882667724249851e-08
1.705000000000000000e+03 1.441813668354028805e-08
1.706000000000000000e+03 1.440745824565313534e-08
1.707000000000000000e+03 1.439679134842337751e-08
1.708000000000000000e+03 1.438613597668881875e-08
1.709000000000000000e+03 1.437549211529575840e-08
1.710000000000000000e+03 1.436485974907971265e-08
1.711000000000000000e+03 1.435423886288489800e-08
1.712000000000000000e+03 1.434362944155141489e-08
1.713000000000000000e+03 1.433303146991967147e-08
1.714000000000000000e+03 1.432244493204387050e-08
1.715000000000000000e+03 1.431186980884819970e-08
1.716000000000000000e+03 1.430130608045894836e-08
1.717000000000000000e+03 1.429075372701230218e-08
1.718000000000000000e+03 1.428021272864378342e-08
1.719000000000000000e+03 1.426968306548201240e-08
1.720000000000000000e+03 1.425916471766375217e-08
1.721000000000000000e+03 1.424865766531912187e-08
1.722000000000000000e+03 1.423816188858452225e-08
1.723000000000000000e+03 1.422767736759211063e-08
1.724000000000000000e+03 1.421720408247421969e-08
1.725000000000000000e+03 1.420674201336346997e-08
1.726000000000000000e+03 1.419629114039501814e-08
1.727000000000000000e+03 1.418585144370034985e-08
1.728000000000000000e+03 1.417542290341586254e-08
1.729000000000000000e+03 1.416500549967034525e-08
1.730000000000000000e+03 1.415459921259985958e-08
1.731000000000000000e+03 1.414420402233525592e-08
1.732000000000000000e+03 1.413381990901278280e-08
1.733000000000000000e+03 1.412344685276375714e-08
1.734000000000000000e+03 1.411308483372306098e-08
1.735000000000000000e+03 1.410273383202092762e-08
1.736000000000000000e+03 1.409239382779349310e-08
1.737000000000000000e+03 1.408206480117042991e-08
1.738000000000000000e+03 1.407174673228965087e-08
1.739000000000000000e+03 1.406143960128078875e-08
1.740000000000000000e+03 1.405114338827990681e-08
1.741000000000000000e+03 1.404085807341713081e-08
1.742000000000000000e+03 1.403058363682718729e-08
1.743000000000000000e+03 1.402032005864330229e-08
1.744000000000000000e+03 1.401006731899938675e-08
1.745000000000000000e+03 1.399982539802607100e-08
1.746000000000000000e+03 1.398959427585906594e-08
1.747000000000000000e+03 1.397937393263104337e-08
1.748000000000000000e+03 1.396916434847383969e-08
1.749000000000000000e+03 1.395896550352475229e-08
1.750000000000000000e+03 1.394877737791226913e-08
1.751000000000000000e+03 1.393859995177060886e-08
1.752000000000000000e+03 1.392843320523366256e-08
1.753000000000000000e+03 1.391827711935468790e-08
1.754000000000000000e+03 1.390813167885063302e-08
1.755000000000000000e+03 1.389799686936770076e-08
1.756000000000000000e+03 1.388787267654144483e-08
1.757000000000000000e+03 1.387775908601316619e-08
1.758000000000000000e+03 1.386765608342388623e-08
1.759000000000000000e+03 1.385756365441242105e-08
1.760000000000000000e+03 1.384748178461750075e-08
1.761000000000000000e+03 1.383741045968395339e-08
1.762000000000000000e+03 1.382734966524655843e-08
1.763000000000000000e+03 1.381729938694839694e-08
1.764000000000000000e+03 1.380725961042878961e-08
1.765000000000000000e+03 1.379723032132743102e-08
1.766000000000000000e+03 1.378721150528447897e-08
1.767000000000000000e+03 1.377720314794066202e-08
1.768000000000000000e+03 1.376720523493332886e-08
1.769000000000000000e+03 1.375721775190660280e-08
1.770000000000000000e+03 1.374724068449740406e-08
1.771000000000000000e+03 1.373727401834759111e-08
1.772000000000000000e+03 1.372731773909803148e-08
1.773000000000000000e+03 1.371737183238469413e-08
1.774000000000000000e+03 1.370743628385074118e-08
1.775000000000000000e+03 1.369751107913662821e-08
1.776000000000000000e+03 1.368759620388218712e-08
1.777000000000000000e+03 1.367769164372472193e-08
1.778000000000000000e+03 1.366779738430708706e-08
1.779000000000000000e+03 1.365791341126781076e-08
1.780000000000000000e+03 1.364803971024714347e-08
1.781000000000000000e+03 1.363817626688716372e-08
1.782000000000000000e+03 1.362832306682590840e-08
1.783000000000000000e+03 1.361848009570341786e-08
1.784000000000000000e+03 1.360864733915984329e-08
1.785000000000000000e+03 1.359882478283552777e-08
1.786000000000000000e+03 1.358901241237110390e-08
1.787000000000000000e+03 1.357921021340561280e-08
1.788000000000000000e+03 1.356941817157856541e-08
1.789000000000000000e+03 1.355963627253199226e-08
1.790000000000000000e+03 1.354986450190464661e-08
1.791000000000000000e+03 1.354010284533797335e-08
1.792000000000000000e+03 1.353035128842338783e-08
1.793000000000000000e+03 1.352060981657568416e-08
1.794000000000000000e+03 1.351087841516287771e-08
1.795000000000000000e+03 1.350115706954944021e-08
1.796000000000000000e+03 1.349144576510223728e-08
1.797000000000000000e+03 1.348174448719062597e-08
1.798000000000000000e+03 1.347205322117874550e-08
1.799000000000000000e+03 1.346237195243533750e-08
1.800000000000000000e+03 1.345270066632802032e-08
1.801000000000000000e+03 1.344303934822334357e-08
1.802000000000000000e+03 1.343338798348499647e-08
1.803000000000000000e+03 1.342374655748353219e-08
1.804000000000000000e+03 1.341411505558679737e-08
1.805000000000000000e+03 1.340449346315810238e-08
1.806000000000000000e+03 1.339488176556595891e-08
1.807000000000000000e+03 1.338527994817837242e-08
1.808000000000000000e+03 1.337568799635910160e-08
1.809000000000000000e+03 1.336610589547926378e-08
1.810000000000000000e+03 1.335653363090399408e-08
1.811000000000000000e+03 1.334697118800019947e-08
1.812000000000000000e+03 1.333741855213475215e-08
1.813000000000000000e+03 1.332787570867454420e-08
1.814000000000000000e+03 1.331834264298470083e-08
1.815000000000000000e+03 1.330881934043629302e-08
1.816000000000000000e+03 1.329930578639305797e-08
1.817000000000000000e+03 1.328980196622294158e-08
1.818000000000000000e+03 1.328030786529437447e-08
1.819000000000000000e+03 1.327082346897064718e-08
1.820000000000000000e+03 1.326134876262142281e-08
1.821000000000000000e+03 1.325188373161330062e-08
1.822000000000000000e+03 1.324242836131371861e-08
1.823000000000000000e+03 1.323298263708725275e-08
1.824000000000000000e+03 1.322354654430326341e-08
1.825000000000000000e+03 1.321412006832843090e-08
1.826000000000000000e+03 1.320470319452872581e-08
1.827000000000000000e+03 1.319529590827139921e-08
1.828000000000000000e+03 1.318589819492316284e-08
1.829000000000000000e+03 1.317651003985216938e-08
1.830000000000000000e+03 1.316713142842246707e-08
1.831000000000000000e+03 1.315776234617954618e-08
1.832000000000000000e+03 1.314840277936024133e-08
1.833000000000000000e+03 1.313905271438065537e-08
1.834000000000000000e+03 1.312971213765420280e-08
1.835000000000000000e+03 1.312038103559538506e-08
1.836000000000000000e+03 1.311105939461804346e-08
1.837000000000000000e+03 1.310174720113728494e-08
1.838000000000000000e+03 1.309244444156583745e-08
1.839000000000000000e+03 1.308315110232157730e-08
1.840000000000000000e+03 1.307386716981459870e-08
1.841000000000000000e+03 1.306459263046029147e-08
1.842000000000000000e+03 1.305532747067570972e-08
1.843000000000000000e+03 1.304607167687223639e-08
1.844000000000000000e+03 1.303682523546677835e-08
1.845000000000000000e+03 1.302758813287074007e-08
1.846000000000000000e+03 1.301836035549936412e-08
1.847000000000000000e+03 1.300914188976808664e-08
1.848000000000000000e+03 1.299993272209079363e-08
1.849000000000000000e+03 1.299073283887990202e-08
1.850000000000000000e+03 1.298154222655379272e-08
1.851000000000000000e+03 1.297236087152217778e-08
1.852000000000000000e+03 1.296318876020272836e-08
1.853000000000000000e+03 1.295402587900828327e-08
1.854000000000000000e+03 1.294487221435428858e-08
1.855000000000000000e+03 1.293572775265336138e-08
1.856000000000000000e+03 1.292659248032087495e-08
1.857000000000000000e+03 1.291746638377135884e-08
1.858000000000000000e+03 1.290834944941860972e-08
1.859000000000000000e+03 1.289924166367756245e-08
1.860000000000000000e+03 1.289014301296075143e-08
1.861000000000000000e+03 1.288105348368564269e-08
1.862000000000000000e+03 1.287197306226383095e-08
1.863000000000000000e+03 1.286290173511018323e-08
1.864000000000000000e+03 1.285383948863929694e-08
1.865000000000000000e+03 1.284478630926736423e-08
1.866000000000000000e+03 1.283574218340505835e-08
1.867000000000000000e+03 1.282670709747022253e-08
1.868000000000000000e+03 1.281768103787353332e-08
1.869000000000000000e+03 1.280866399103298448e-08
1.870000000000000000e+03 1.279965594355171931e-08
1.871000000000000000e+03 1.279065688280552400e-08
1.872000000000000000e+03 1.278166679635994993e-08
1.873000000000000000e+03 1.277268567177964850e-08
1.874000000000000000e+03 1.276371349663021574e-08
1.875000000000000000e+03 1.275475025847647677e-08
1.876000000000000000e+03 1.274579594488613694e-08
1.877000000000000000e+03 1.273685054342446802e-08
1.878000000000000000e+03 1.272791404165442900e-08
1.879000000000000000e+03 1.271898642714381954e-08
1.880000000000000000e+03 1.271006768745825221e-08
1.881000000000000000e+03 1.270115781016299384e-08
1.882000000000000000e+03 1.269225678282303828e-08
1.883000000000000000e+03 1.268336459300494606e-08
1.884000000000000000e+03 1.267448122827338512e-08
1.885000000000000000e+03 1.266560667619471582e-08
1.886000000000000000e+03 1.265674092433355150e-08
1.887000000000000000e+03 1.264788396025634516e-08
1.888000000000000000e+03 1.263903577152793183e-08
1.889000000000000000e+03 1.263019634571512352e-08
1.890000000000000000e+03 1.262136567038326148e-08
1.891000000000000000e+03 1.261254373309628409e-08
1.892000000000000000e+03 1.260373052142031182e-08
1.893000000000000000e+03 1.259492602292196806e-08
1.894000000000000000e+03 1.258613022516666357e-08
1.895000000000000000e+03 1.257734311572046256e-08
1.896000000000000000e+03 1.256856468214661520e-08
1.897000000000000000e+03 1.255979491201264982e-08
1.898000000000000000e+03 1.255103379288517161e-08
1.899000000000000000e+03 1.254228131232646954e-08
1.900000000000000000e+03 1.253353745790502983e-08
1.901000000000000000e+03 1.252480221718341607e-08
1.902000000000000000e+03 1.251607557773225852e-08
1.903000000000000000e+03 1.250735752711119917e-08
1.904000000000000000e+03 1.249864805288980784e-08
1.905000000000000000e+03 1.248994714263375667e-08
1.906000000000000000e+03 1.248125478390490945e-08
1.907000000000000000e+03 1.247257096427349278e-08
1.908000000000000000e+03 1.246389567130259966e-08
1.909000000000000000e+03 1.245522889260688124e-08
1.910000000000000000e+03 1.244657061601072528e-08
1.911000000000000000e+03 1.243792082938040468e-08
1.912000000000000000e+03 1.242927952058786842e-08
1.913000000000000000e+03 1.242064667750220014e-08
1.914000000000000000e+03 1.241202228799653007e-08
1.915000000000000000e+03 1.240340633993784411e-08
1.916000000000000000e+03 1.239479882120073492e-08
1.917000000000000000e+03 1.238619971965035043e-08
1.918000000000000000e+03 1.237760902316129653e-08
1.919000000000000000e+03 1.236902671960399360e-08
1.920000000000000000e+03 1.236045279684477902e-08
1.921000000000000000e+03 1.235188724275789972e-08
1.922000000000000000e+03 1.234333004521193805e-08
1.923000000000000000e+03 1.233478119207838973e-08
1.924000000000000000e+03 1.232624067122664444e-08
1.925000000000000000e+03 1.231770847052743193e-08
1.926000000000000000e+03 1.230918457785119737e-08
1.927000000000000000e+03 1.230066898106816426e-08
1.928000000000000000e+03 1.229216166805009300e-08
1.929000000000000000e+03 1.228366262666527646e-08
1.930000000000000000e+03 1.227517184478536252e-08
1.931000000000000000e+03 1.226668931027866555e-08
1.932000000000000000e+03 1.225821501101866319e-08
1.933000000000000000e+03 1.224974893487395104e-08
1.934000000000000000e+03 1.224129106971671797e-08
1.935000000000000000e+03 1.223284140341442471e-08
1.936000000000000000e+03 1.222439992383992848e-08
1.937000000000000000e+03 1.221596661886148245e-08
1.938000000000000000e+03 1.220754147635119443e-08
1.939000000000000000e+03 1.219912448417836975e-08
1.940000000000000000e+03 1.219071563021461329e-08
1.941000000000000000e+03 1.218231490233054725e-08
1.942000000000000000e+03 1.217392228839419980e-08
1.943000000000000000e+03 1.216553777627775651e-08
1.944000000000000000e+03 1.215716135385094290e-08
1.945000000000000000e+03 1.214879300898442420e-08
1.946000000000000000e+03 1.214043272954986815e-08
1.947000000000000000e+03 1.213208050341502994e-08
1.948000000000000000e+03 1.212373631865566596e-08
1.949000000000000000e+03 1.211540016415797105e-08
1.950000000000000000e+03 1.210707202901496333e-08
1.951000000000000000e+03 1.209875190231596014e-08
1.952000000000000000e+03 1.209043977315160227e-08
1.953000000000000000e+03 1.208213563061390696e-08
1.954000000000000000e+03 1.207383946379300715e-08
1.955000000000000000e+03 1.206555126178053625e-08
1.956000000000000000e+03 1.205727101366801520e-08
1.957000000000000000e+03 1.204899870854526755e-08
1.958000000000000000e+03 1.204073433550377452e-08
1.959000000000000000e+03 1.203247788363508683e-08
1.960000000000000000e+03 1.202422934202759371e-08
1.961000000000000000e+03 1.201598869977641100e-08
1.962000000000000000e+03 1.200775594596872025e-08
1.963000000000000000e+03 1.199953106969852558e-08
1.964000000000000000e+03 1.199131406005365209e-08
1.965000000000000000e+03 1.198310490612722708e-08
1.966000000000000000e+03 1.197490359700957374e-08
1.967000000000000000e+03 1.196671012179315928e-08
1.968000000000000000e+03 1.195852446956615290e-08
1.969000000000000000e+03 1.195034662942060493e-08
1.970000000000000000e+03 1.194217659044923902e-08
1.971000000000000000e+03 1.193401434174065945e-08
1.972000000000000000e+03 1.192585987238751709e-08
1.973000000000000000e+03 1.191771317148005736e-08
1.974000000000000000e+03 1.190957422810945212e-08
1.975000000000000000e+03 1.190144303136620982e-08
1.976000000000000000e+03 1.189331957034025163e-08
1.977000000000000000e+03 1.188520383412578020e-08
1.978000000000000000e+03 1.187709581181009453e-08
1.979000000000000000e+03 1.186899549248808218e-08
1.980000000000000000e+03 1.186090286524625301e-08
1.981000000000000000e+03 1.185281791918041607e-08
1.982000000000000000e+03 1.184474064337650384e-08
1.983000000000000000e+03 1.183667102692986877e-08
1.984000000000000000e+03 1.182860905892769900e-08
1.985000000000000000e+03 1.182055472846509551e-08
1.986000000000000000e+03 1.181250802462913396e-08
1.987000000000000000e+03 1.180446894047869863e-08
1.988000000000000000e+03 1.179643748492949290e-08
1.989000000000000000e+03 1.178841367086396311e-08
1.990000000000000000e+03 1.178039751116582117e-08
1.991000000000000000e+03 1.177238901871836543e-08
1.992000000000000000e+03 1.176438820639968629e-08
1.993000000000000000e+03 1.175639508709684741e-08
1.994000000000000000e+03 1.174840967369156557e-08
1.995000000000000000e+03 1.174043197906332579e-08
1.996000000000000000e+03 1.173246201609721312e-08
1.997000000000000000e+03 1.172449979767594191e-08
1.998000000000000000e+03 1.171654533668137615e-08
1.999000000000000000e+03 1.170859864599448155e-08
2.000000000000000000e+03 1.170065973849995106e-08
