2.000000000000000000e+00 1.649498861935558906e-08
3.000000000000000000e+00 1.574256653320551782e-08
4.000000000000000000e+00 1.486073568569194756e-08
5.000000000000000000e+00 1.394798527371056778e-08
6.000000000000000000e+00 1.302984632103143320e-08
7.000000000000000000e+00 1.214409601595857412e-08
8.000000000000000000e+00 1.131074255843625062e-08
9.000000000000000000e+00 1.053834714292426936e-08
1.000000000000000000e+01 9.829124695321742649e-09
1.100000000000000000e+01 9.181718027794167101e-09
1.200000000000000000e+01 8.592818453977141078e-09
1.300000000000000000e+01 8.058140343390682312e-09
1.400000000000000000e+01 7.573010632997906652e-09
1.500000000000000000e+01 7.132721308353810077e-09
1.600000000000000000e+01 6.732735502128469584e-09
1.700000000000000000e+01 6.368801867741059937e-09
1.800000000000000000e+01 6.031476305911783737e-09
1.900000000000000000e+01 5.733818010356823365e-09
2.000000000000000000e+01 5.455515520642979169e-09
2.100000000000000000e+01 5.200829898457581219e-09
2.200000000000000000e+01 4.964119721729265336e-09
2.300000000000000000e+01 4.748375743378654514e-09
2.400000000000000000e+01 4.546315700626808048e-09
2.500000000000000000e+01 4.359738878592968731e-09
2.600000000000000000e+01 4.184932768426113188e-09
2.700000000000000000e+01 4.022081508207725161e-09
2.800000000000000000e+01 3.867036097522641126e-09
2.900000000000000000e+01 3.723112173823457432e-09
3.000000000000000000e+01 3.590458912928584911e-09
3.100000000000000000e+01 3.462879473980380550e-09
3.200000000000000000e+01 3.341901471532925261e-09
3.300000000000000000e+01 3.228448638550011213e-09
3.400000000000000000e+01 3.119908373748640479e-09
3.500000000000000000e+01 3.017265214759885338e-09
3.600000000000000000e+01 2.920334044462966752e-09
3.700000000000000000e+01 2.826656028077459514e-09
3.800000000000000000e+01 2.737481452097536875e-09
3.900000000000000000e+01 2.654029584245316285e-09
4.000000000000000000e+01 2.575383132659349623e-09
4.100000000000000000e+01 2.499169618975859130e-09
4.200000000000000000e+01 2.425968124509023505e-09
4.300000000000000000e+01 2.356545489686357994e-09
4.400000000000000000e+01 2.290417952314800636e-09
4.500000000000000000e+01 2.226318232664227979e-09
4.600000000000000000e+01 2.164878373269959165e-09
4.700000000000000000e+01 2.106890949437053387e-09
4.800000000000000000e+01 2.052442783499890894e-09
4.900000000000000000e+01 2.000720345540025980e-09
5.000000000000000000e+01 1.950422180836344289e-09
5.100000000000000000e+01 1.901814714892820228e-09
5.200000000000000000e+01 1.855390841100920691e-09
5.300000000000000000e+01 1.811245929546392754e-09
5.400000000000000000e+01 1.768978571139713917e-09
5.500000000000000000e+01 1.727937058024717580e-09
5.600000000000000000e+01 1.688376897073499057e-09
5.700000000000000000e+01 1.650673379250251362e-09
5.800000000000000000e+01 1.614964714331187239e-09
5.900000000000000000e+01 1.581097244448430467e-09
6.000000000000000000e+01 1.548565859435333554e-09
6.100000000000000000e+01 1.516728443467724423e-09
6.200000000000000000e+01 1.485721938584823914e-09
6.300000000000000000e+01 1.455835418245654640e-09
6.400000000000000000e+01 1.427241878335447522e-09
6.500000000000000000e+01 1.399972440230524677e-09
6.600000000000000000e+01 1.373888470038102738e-09
6.700000000000000000e+01 1.348651549139464124e-09
6.800000000000000000e+01 1.323861477993302426e-09
6.900000000000000000e+01 1.299613789526526523e-09
7.000000000000000000e+01 1.276106511607713631e-09
7.100000000000000000e+01 1.253477352491073316e-09
7.200000000000000000e+01 1.231791211432649892e-09
7.300000000000000000e+01 1.211026771590759916e-09
7.400000000000000000e+01 1.191062149299845464e-09
7.500000000000000000e+01 1.171659573817446191e-09
7.600000000000000000e+01 1.152553917416220297e-09
7.700000000000000000e+01 1.133794622146767962e-09
7.800000000000000000e+01 1.115497007470283828e-09
7.900000000000000000e+01 1.097742093366214998e-09
8.000000000000000000e+01 1.080570324540046450e-09
8.100000000000000000e+01 1.063974881668390438e-09
8.200000000000000000e+01 1.047894569203522756e-09
8.300000000000000000e+01 1.032206269253802878e-09
8.400000000000000000e+01 1.016774995340025428e-09
8.500000000000000000e+01 1.001641955146284192e-09
8.600000000000000000e+01 9.868833606261809804e-10
8.700000000000000000e+01 9.725544346278844513e-10
8.800000000000000000e+01 9.586859573116298389e-10
8.900000000000000000e+01 9.452806068181272426e-10
9.000000000000000000e+01 9.323090894476041741e-10
9.100000000000000000e+01 9.197060546153030351e-10
9.200000000000000000e+01 9.073657898436202672e-10
9.300000000000000000e+01 8.951802699056172110e-10
9.400000000000000000e+01 8.831769425517839070e-10
9.500000000000000000e+01 8.714135252850322524e-10
9.600000000000000000e+01 8.599373809330616358e-10
9.700000000000000000e+01 8.487838544888333467e-10
9.800000000000000000e+01 8.379745184141294598e-10
9.900000000000000000e+01 8.275153244792823711e-10
1.000000000000000000e+02 8.173946602087045794e-10
1.010000000000000000e+02 8.075813080055268818e-10
1.020000000000000000e+02 7.980223050222557405e-10
1.030000000000000000e+02 7.886407018519437513e-10
1.040000000000000000e+02 7.793608932387425770e-10
1.050000000000000000e+02 7.701977913086559426e-10
1.060000000000000000e+02 7.611871259855836820e-10
1.070000000000000000e+02 7.523590585405722878e-10
1.080000000000000000e+02 7.437373722950147057e-10
1.090000000000000000e+02 7.353386232601764822e-10
1.100000000000000000e+02 7.271712499479212957e-10
1.110000000000000000e+02 7.192346415997301823e-10
1.120000000000000000e+02 7.115181640683475452e-10
1.130000000000000000e+02 7.040001425975905750e-10
1.140000000000000000e+02 6.966468007381352212e-10
1.150000000000000000e+02 6.894111546417081411e-10
1.160000000000000000e+02 6.822482234102411146e-10
1.170000000000000000e+02 6.751674685863681401e-10
1.180000000000000000e+02 6.681908297655760024e-10
1.190000000000000000e+02 6.613370643896163623e-10
1.200000000000000000e+02 6.546213360519563057e-10
1.210000000000000000e+02 6.480547845131632288e-10
1.220000000000000000e+02 6.416440771174685536e-10
1.230000000000000000e+02 6.353909412942450071e-10
1.240000000000000000e+02 6.292916778404175810e-10
1.250000000000000000e+02 6.233366546620515650e-10
1.260000000000000000e+02 6.175097806743902441e-10
1.270000000000000000e+02 6.117879595378197861e-10
1.280000000000000000e+02 6.061405229276104373e-10
1.290000000000000000e+02 6.005389493031408168e-10
1.300000000000000000e+02 5.949897505629164172e-10
1.310000000000000000e+02 5.895076341236172113e-10
1.320000000000000000e+02 5.841056232729168950e-10
1.330000000000000000e+02 5.787948536179131739e-10
1.340000000000000000e+02 5.735843613082090750e-10
1.350000000000000000e+02 5.684808629076959737e-10
1.360000000000000000e+02 5.634885267909673429e-10
1.370000000000000000e+02 5.586087359308436597e-10
1.380000000000000000e+02 5.538398419577567356e-10
1.390000000000000000e+02 5.491769103577046888e-10
1.400000000000000000e+02 5.446114566861859783e-10
1.410000000000000000e+02 5.401311736675660308e-10
1.420000000000000000e+02 5.357196490571906830e-10
1.430000000000000000e+02 5.313560741346815050e-10
1.440000000000000000e+02 5.270215533722090624e-10
1.450000000000000000e+02 5.227201050601046831e-10
1.460000000000000000e+02 5.184612016075833926e-10
1.470000000000000000e+02 5.142534214088281615e-10
1.480000000000000000e+02 5.101043493327010619e-10
1.490000000000000000e+02 5.060204735784774226e-10
1.500000000000000000e+02 5.020070788504830530e-10
1.510000000000000000e+02 4.980681357958881452e-10
1.520000000000000000e+02 4.942061866617572086e-10
1.530000000000000000e+02 4.904222271137462499e-10
1.540000000000000000e+02 4.867155841723190769e-10
1.550000000000000000e+02 4.830837902131732110e-10
1.560000000000000000e+02 4.795224529774890063e-10
1.570000000000000000e+02 4.760251215493005344e-10
1.580000000000000000e+02 4.725831482446948299e-10
1.590000000000000000e+02 4.691855463606332324e-10
1.600000000000000000e+02 4.658188437379027873e-10
1.610000000000000000e+02 4.624710449567681897e-10
1.620000000000000000e+02 4.591446375358932882e-10
1.630000000000000000e+02 4.558455851802670174e-10
1.640000000000000000e+02 4.525793675589999264e-10
1.650000000000000000e+02 4.493509313925586760e-10
1.660000000000000000e+02 4.461646399296440790e-10
1.670000000000000000e+02 4.430242208016096861e-10
1.680000000000000000e+02 4.399327122313503858e-10
1.690000000000000000e+02 4.368924075722307554e-10
1.700000000000000000e+02 4.339047981656487204e-10
1.710000000000000000e+02 4.309705144899289812e-10
1.720000000000000000e+02 4.280892655836289141e-10
1.730000000000000000e+02 4.252597767228043393e-10
1.740000000000000000e+02 4.224797253316611047e-10
1.750000000000000000e+02 4.197456751073130254e-10
1.760000000000000000e+02 4.170530083374935172e-10
1.770000000000000000e+02 4.143958563923369576e-10
1.780000000000000000e+02 4.117670283693573209e-10
1.790000000000000000e+02 4.091579378715838265e-10
1.800000000000000000e+02 4.065610684631259257e-10
1.810000000000000000e+02 4.039779725105067445e-10
1.820000000000000000e+02 4.014123908840719850e-10
1.830000000000000000e+02 3.988677996466206985e-10
1.840000000000000000e+02 3.963473858562221640e-10
1.850000000000000000e+02 3.938540226548048041e-10
1.860000000000000000e+02 3.913902436361010605e-10
1.870000000000000000e+02 3.889582164833517444e-10
1.880000000000000000e+02 3.865597158698286792e-10
1.890000000000000000e+02 3.841960956135195532e-10
1.900000000000000000e+02 3.818682600784619060e-10
1.910000000000000000e+02 3.795766348145062457e-10
1.920000000000000000e+02 3.773211364272111586e-10
1.930000000000000000e+02 3.751011416705469150e-10
1.940000000000000000e+02 3.729154557537804920e-10
1.950000000000000000e+02 3.707622798547565377e-10
1.960000000000000000e+02 3.686391778314461401e-10
1.970000000000000000e+02 3.665430421243643238e-10
1.980000000000000000e+02 3.644700588408283209e-10
1.990000000000000000e+02 3.624156720138276260e-10
2.000000000000000000e+02 3.603745470272617402e-10
2.010000000000000000e+02 3.583420819070112766e-10
2.020000000000000000e+02 3.563192629648198646e-10
2.030000000000000000e+02 3.543084256605575935e-10
2.040000000000000000e+02 3.523117544952826254e-10
2.050000000000000000e+02 3.503312707117556650e-10
2.060000000000000000e+02 3.483688196698961269e-10
2.070000000000000000e+02 3.464260578942435615e-10
2.080000000000000000e+02 3.445044397894184052e-10
2.090000000000000000e+02 3.426052040213834627e-10
2.100000000000000000e+02 3.407293595602994934e-10
2.110000000000000000e+02 3.388776713817519986e-10
2.120000000000000000e+02 3.370506458241237337e-10
2.130000000000000000e+02 3.352485155971719358e-10
2.140000000000000000e+02 3.334712244402157723e-10
2.150000000000000000e+02 3.317184114253975984e-10
2.160000000000000000e+02 3.299893949035999148e-10
2.170000000000000000e+02 3.282831560889525366e-10
2.180000000000000000e+02 3.265983222795273245e-10
2.190000000000000000e+02 3.249331497102244194e-10
2.200000000000000000e+02 3.232855060350147164e-10
2.210000000000000000e+02 3.216528524352014214e-10
2.220000000000000000e+02 3.200322253500450158e-10
2.230000000000000000e+02 3.184202178270082358e-10
2.240000000000000000e+02 3.168139332647661723e-10
2.250000000000000000e+02 3.152140239109136684e-10
2.260000000000000000e+02 3.136220033100167451e-10
2.270000000000000000e+02 3.120393016719822133e-10
2.280000000000000000e+02 3.104672596661619603e-10
2.290000000000000000e+02 3.089071220676826599e-10
2.300000000000000000e+02 3.073600312542511615e-10
2.310000000000000000e+02 3.058270205523326165e-10
2.320000000000000000e+02 3.043090074318682666e-10
2.330000000000000000e+02 3.028067865467670103e-10
2.340000000000000000e+02 3.013210226217600607e-10
2.350000000000000000e+02 2.998522431825084449e-10
2.360000000000000000e+02 2.984008311286306111e-10
2.370000000000000000e+02 2.969670171485022232e-10
2.380000000000000000e+02 2.955508719729917928e-10
2.390000000000000000e+02 2.941522984689828521e-10
2.400000000000000000e+02 2.927710235697730081e-10
2.410000000000000000e+02 2.914065900407074072e-10
2.420000000000000000e+02 2.900583480808797888e-10
2.430000000000000000e+02 2.887254467570375213e-10
2.440000000000000000e+02 2.874068252693181832e-10
2.450000000000000000e+02 2.861012040487002293e-10
2.460000000000000000e+02 2.848070756826024386e-10
2.470000000000000000e+02 2.835226956687644410e-10
2.480000000000000000e+02 2.822460729958938586e-10
2.490000000000000000e+02 2.809749605492626937e-10
2.500000000000000000e+02 2.797074680483584988e-10
2.510000000000000000e+02 2.784440002481659765e-10
2.520000000000000000e+02 2.771855219742396712e-10
2.530000000000000000e+02 2.759329520179518309e-10
2.540000000000000000e+02 2.746871600227394267e-10
2.550000000000000000e+02 2.734489633044686130e-10
2.560000000000000000e+02 2.722191236032540924e-10
2.570000000000000000e+02 2.709983437688295613e-10
2.580000000000000000e+02 2.697872643761685814e-10
2.590000000000000000e+02 2.685864602730673631e-10
2.600000000000000000e+02 2.673964370577013345e-10
2.610000000000000000e+02 2.662176274865517136e-10
2.620000000000000000e+02 2.650503878110966306e-10
2.630000000000000000e+02 2.638949940442162999e-10
2.640000000000000000e+02 2.627516381541644161e-10
2.650000000000000000e+02 2.616204241868504420e-10
2.660000000000000000e+02 2.605013643146904897e-10
2.670000000000000000e+02 2.593943748130203922e-10
2.680000000000000000e+02 2.582992719618753706e-10
2.690000000000000000e+02 2.572157678738059505e-10
2.700000000000000000e+02 2.561434662466343729e-10
2.710000000000000000e+02 2.550818580404855144e-10
2.720000000000000000e+02 2.540303170791200286e-10
2.730000000000000000e+02 2.529880955746892776e-10
2.740000000000000000e+02 2.519543195748964825e-10
2.750000000000000000e+02 2.509279843333050922e-10
2.760000000000000000e+02 2.499079496000120444e-10
2.770000000000000000e+02 2.488929348358181424e-10
2.780000000000000000e+02 2.478815143443495596e-10
2.790000000000000000e+02 2.468725032332711368e-10
2.800000000000000000e+02 2.458661701019327421e-10
2.810000000000000000e+02 2.448631395904092136e-10
2.820000000000000000e+02 2.438640110077674267e-10
2.830000000000000000e+02 2.428693567675011085e-10
2.840000000000000000e+02 2.418797207928666170e-10
2.850000000000000000e+02 2.408956168913911465e-10
2.860000000000000000e+02 2.399175270992178436e-10
2.870000000000000000e+02 2.389458999943095381e-10
2.880000000000000000e+02 2.379811489784110507e-10
2.890000000000000000e+02 2.370236505279344289e-10
2.900000000000000000e+02 2.360737424132950485e-10
2.910000000000000000e+02 2.351317218862086846e-10
2.920000000000000000e+02 2.341978438351207242e-10
2.930000000000000000e+02 2.332723189082792802e-10
2.940000000000000000e+02 2.323553116053150045e-10
2.950000000000000000e+02 2.314469383341357982e-10
2.960000000000000000e+02 2.305472654372333893e-10
2.970000000000000000e+02 2.296563071834001388e-10
2.980000000000000000e+02 2.287740237263827656e-10
2.990000000000000000e+02 2.279003190302628351e-10
3.000000000000000000e+02 2.270350387614990763e-10
3.010000000000000000e+02 2.261779681455730905e-10
3.020000000000000000e+02 2.253288297905374435e-10
3.030000000000000000e+02 2.244872814764311326e-10
3.040000000000000000e+02 2.236529139087506434e-10
3.050000000000000000e+02 2.228252484383350181e-10
3.060000000000000000e+02 2.220037347452890399e-10
3.070000000000000000e+02 2.211877484875763450e-10
3.080000000000000000e+02 2.203765889155520015e-10
3.090000000000000000e+02 2.195694764482226319e-10
3.100000000000000000e+02 2.187655502157397295e-10
3.110000000000000000e+02 2.179638655645037135e-10
3.120000000000000000e+02 2.171636435594530275e-10
3.130000000000000000e+02 2.163650504492721092e-10
3.140000000000000000e+02 2.155684851850723656e-10
3.150000000000000000e+02 2.147743330174117244e-10
3.160000000000000000e+02 2.139829647240197897e-10
3.170000000000000000e+02 2.131947358226961198e-10
3.180000000000000000e+02 2.124099857722580470e-10
3.190000000000000000e+02 2.116290371587926248e-10
3.200000000000000000e+02 2.108521948680457008e-10
3.210000000000000000e+02 2.100797452459612905e-10
3.220000000000000000e+02 2.093119552419775193e-10
3.230000000000000000e+02 2.085490715420751656e-10
3.240000000000000000e+02 2.077913196847066420e-10
3.250000000000000000e+02 2.070389031650402228e-10
3.260000000000000000e+02 2.062920025228501359e-10
3.270000000000000000e+02 2.055507744175770564e-10
3.280000000000000000e+02 2.048153506888417258e-10
3.290000000000000000e+02 2.040858374009490581e-10
3.300000000000000000e+02 2.033623138758658463e-10
3.310000000000000000e+02 2.026448317079784978e-10
3.320000000000000000e+02 2.019334137666443753e-10
3.330000000000000000e+02 2.012280531828874039e-10
3.340000000000000000e+02 2.005287123216885087e-10
3.350000000000000000e+02 1.998353217382125928e-10
3.360000000000000000e+02 1.991477791201525553e-10
3.370000000000000000e+02 1.984659482147218967e-10
3.380000000000000000e+02 1.977896577387608715e-10
3.390000000000000000e+02 1.971187002765073625e-10
3.400000000000000000e+02 1.964528311585161008e-10
3.410000000000000000e+02 1.957917673275399437e-10
3.420000000000000000e+02 1.951351861875207955e-10
3.430000000000000000e+02 1.944827244381441601e-10
3.440000000000000000e+02 1.938339768908207212e-10
3.450000000000000000e+02 1.931884952726427860e-10
3.460000000000000000e+02 1.925457870112207837e-10
3.470000000000000000e+02 1.919053140045445131e-10
3.480000000000000000e+02 1.912664913754453628e-10
3.490000000000000000e+02 1.906288403074426331e-10
3.500000000000000000e+02 1.899924632347079119e-10
3.510000000000000000e+02 1.893576054567412812e-10
3.520000000000000000e+02 1.887245041432498566e-10
3.530000000000000000e+02 1.880933879349437548e-10
3.540000000000000000e+02 1.874644765382012046e-10
3.550000000000000000e+02 1.868379803134895048e-10
3.560000000000000000e+02 1.862140998575439476e-10
3.570000000000000000e+02 1.855930255793483672e-10
3.580000000000000000e+02 1.849749372696421992e-10
3.590000000000000000e+02 1.843600036642370491e-10
3.600000000000000000e+02 1.837483820008867588e-10
3.610000000000000000e+02 1.831402175697148207e-10
3.620000000000000000e+02 1.825356432571826493e-10
3.630000000000000000e+02 1.819347790835821142e-10
3.640000000000000000e+02 1.813377317340601407e-10
3.650000000000000000e+02 1.807445940829096215e-10
3.660000000000000000e+02 1.801554447114011066e-10
3.670000000000000000e+02 1.795703474189548892e-10
3.680000000000000000e+02 1.789893507275947037e-10
3.690000000000000000e+02 1.784124873796886986e-10
3.700000000000000000e+02 1.778397738289413648e-10
3.710000000000000000e+02 1.772712097246860253e-10
3.720000000000000000e+02 1.767067773892504621e-10
3.730000000000000000e+02 1.761464412884851462e-10
3.740000000000000000e+02 1.755901474954198452e-10
3.750000000000000000e+02 1.750378231470569843e-10
3.760000000000000000e+02 1.744893758940007190e-10
3.770000000000000000e+02 1.739446933433486463e-10
3.780000000000000000e+02 1.734036424943020014e-10
3.790000000000000000e+02 1.728660691668560481e-10
3.800000000000000000e+02 1.723317974233586997e-10
3.810000000000000000e+02 1.718006289828081740e-10
3.820000000000000000e+02 1.712723426281495721e-10
3.830000000000000000e+02 1.707466936061920764e-10
3.840000000000000000e+02 1.702234130204090084e-10
3.850000000000000000e+02 1.697022072162371424e-10
3.860000000000000000e+02 1.691827571593261136e-10
3.870000000000000000e+02 1.686647178062391829e-10
3.880000000000000000e+02 1.681478087485240698e-10
3.890000000000000000e+02 1.676320949590509615e-10
3.900000000000000000e+02 1.671177257031782114e-10
3.910000000000000000e+02 1.666048449041503920e-10
3.920000000000000000e+02 1.660935909208573271e-10
3.930000000000000000e+02 1.655840963225911050e-10
3.940000000000000000e+02 1.650764876608098872e-10
3.950000000000000000e+02 1.645708852376748593e-10
3.960000000000000000e+02 1.640674028717590250e-10
3.970000000000000000e+02 1.635661476602749932e-10
3.980000000000000000e+02 1.630672197385423318e-10
3.990000000000000000e+02 1.625707120359636785e-10
4.000000000000000000e+02 1.620767100291618114e-10
4.010000000000000000e+02 1.615852914917416942e-10
4.020000000000000000e+02 1.610965262407808146e-10
4.030000000000000000e+02 1.606104758804908759e-10
4.040000000000000000e+02 1.601271935421464993e-10
4.050000000000000000e+02 1.596467236211796702e-10
4.060000000000000000e+02 1.591691015107865059e-10
4.070000000000000000e+02 1.586943533323894711e-10
4.080000000000000000e+02 1.582224956627328125e-10
4.090000000000000000e+02 1.577535352576192786e-10
4.100000000000000000e+02 1.572874687725875380e-10
4.110000000000000000e+02 1.568242824798587803e-10
4.120000000000000000e+02 1.563639519822976599e-10
4.130000000000000000e+02 1.559064419237668883e-10
4.140000000000000000e+02 1.554517056961474347e-10
4.150000000000000000e+02 1.549996851430656435e-10
4.160000000000000000e+02 1.545503102600408564e-10
4.170000000000000000e+02 1.541034988913348081e-10
4.180000000000000000e+02 1.536591564232694761e-10
4.190000000000000000e+02 1.532171754741346987e-10
4.200000000000000000e+02 1.527774355804756885e-10
4.210000000000000000e+02 1.523398028801865945e-10
4.220000000000000000e+02 1.519041297916755512e-10
4.230000000000000000e+02 1.514702546898880173e-10
4.240000000000000000e+02 1.510380015785627478e-10
4.250000000000000000e+02 1.506071797588958359e-10
4.260000000000000000e+02 1.501775834948535629e-10
4.270000000000000000e+02 1.497490469359692403e-10
4.280000000000000000e+02 1.493216137104282325e-10
4.290000000000000000e+02 1.488953781580866018e-10
4.300000000000000000e+02 1.484704309666757903e-10
4.310000000000000000e+02 1.480468590404759876e-10
4.320000000000000000e+02 1.476247453676316819e-10
4.330000000000000000e+02 1.472041688858164946e-10
4.340000000000000000e+02 1.467852043460302410e-10
4.350000000000000000e+02 1.463679221751091566e-10
4.360000000000000000e+02 1.459523883362346044e-10
4.370000000000000000e+02 1.455386641881727327e-10
4.380000000000000000e+02 1.451268063424043304e-10
4.390000000000000000e+02 1.447168665190634139e-10
4.400000000000000000e+02 1.443088914007163290e-10
4.410000000000000000e+02 1.439029224848471166e-10
4.420000000000000000e+02 1.434989959344688496e-10
4.430000000000000000e+02 1.430971424270952385e-10
4.440000000000000000e+02 1.426973870018177096e-10
4.450000000000000000e+02 1.422997489049741565e-10
4.460000000000000000e+02 1.419042414338784954e-10
4.470000000000000000e+02 1.415108717789424925e-10
4.480000000000000000e+02 1.411196408638071865e-10
4.490000000000000000e+02 1.407305431841666694e-10
4.500000000000000000e+02 1.403435666443335600e-10
4.510000000000000000e+02 1.399586923925477831e-10
4.520000000000000000e+02 1.395758946539751372e-10
4.530000000000000000e+02 1.391951405624695628e-10
4.540000000000000000e+02 1.388163899901351623e-10
4.550000000000000000e+02 1.384395953752860483e-10
4.560000000000000000e+02 1.380647015486063760e-10
4.570000000000000000e+02 1.376916455574370451e-10
4.580000000000000000e+02 1.373203564882780942e-10
4.590000000000000000e+02 1.369507552874342307e-10
4.600000000000000000e+02 1.365827545798946664e-10
4.610000000000000000e+02 1.362162584864078370e-10
4.620000000000000000e+02 1.358511624384421853e-10
4.630000000000000000e+02 1.354873529917597099e-10
4.640000000000000000e+02 1.351247076375239478e-10
4.650000000000000000e+02 1.347630946121761807e-10
4.660000000000000000e+02 1.344024082637584968e-10
4.670000000000000000e+02 1.340426779807898076e-10
4.680000000000000000e+02 1.336839656557524246e-10
4.690000000000000000e+02 1.333263306526581253e-10
4.700000000000000000e+02 1.329698297270128198e-10
4.710000000000000000e+02 1.326145169446438178e-10
4.720000000000000000e+02 1.322604435996934018e-10
4.730000000000000000e+02 1.319076581315311704e-10
4.740000000000000000e+02 1.315562060411766403e-10
4.750000000000000000e+02 1.312061298063534066e-10
4.760000000000000000e+02 1.308574687958344092e-10
4.770000000000000000e+02 1.305102591830094691e-10
4.780000000000000000e+02 1.301645338580999185e-10
4.790000000000000000e+02 1.298203223399788984e-10
4.800000000000000000e+02 1.294776506866297556e-10
4.810000000000000000e+02 1.291365414047728901e-10
4.820000000000000000e+02 1.287970133588787307e-10
4.830000000000000000e+02 1.284590816786559336e-10
4.840000000000000000e+02 1.281227576660615209e-10
4.850000000000000000e+02 1.277880487011408697e-10
4.860000000000000000e+02 1.274549581470580458e-10
4.870000000000000000e+02 1.271234852539442266e-10
4.880000000000000000e+02 1.267936250619281702e-10
4.890000000000000000e+02 1.264653683033120786e-10
4.900000000000000000e+02 1.261387013034759293e-10
4.910000000000000000e+02 1.258136058811430677e-10
4.920000000000000000e+02 1.254900592472893014e-10
4.930000000000000000e+02 1.251680339034450505e-10
4.940000000000000000e+02 1.248474975387838432e-10
4.950000000000000000e+02 1.245284129262563219e-10
4.960000000000000000e+02 1.242107378178440010e-10
4.970000000000000000e+02 1.238944248385053284e-10
4.980000000000000000e+02 1.235794213796205026e-10
4.990000000000000000e+02 1.232656694908088625e-10
5.000000000000000000e+02 1.229531057713569089e-10
5.010000000000000000e+02 1.226416612602039031e-10
5.020000000000000000e+02 1.223312613250634759e-10
5.030000000000000000e+02 1.220218255504833170e-10
5.040000000000000000e+02 1.217132676249179095e-10
5.050000000000000000e+02 1.214055186900858255e-10
5.060000000000000000e+02 1.210985991060704035e-10
5.070000000000000000e+02 1.207925505817323845e-10
5.080000000000000000e+02 1.204874130301303785e-10
5.090000000000000000e+02 1.201832245175439215e-10
5.100000000000000000e+02 1.198800212118916549e-10
5.110000000000000000e+02 1.195778373308285345e-10
5.120000000000000000e+02 1.192767050890715371e-10
5.130000000000000000e+02 1.189766546454421623e-10
5.140000000000000000e+02 1.186777140490901283e-10
5.150000000000000000e+02 1.183799091855554314e-10
5.160000000000000000e+02 1.180832637219653041e-10
5.170000000000000000e+02 1.177877990517749313e-10
5.180000000000000000e+02 1.174935342390949380e-10
5.190000000000000000e+02 1.172004859623943556e-10
5.200000000000000000e+02 1.169086684576178928e-10
5.210000000000000000e+02 1.166180934608420016e-10
5.220000000000000000e+02 1.163287701502986540e-10
5.230000000000000000e+02 1.160407050879343597e-10
5.240000000000000000e+02 1.157539021603323581e-10
5.250000000000000000e+02 1.154683625191227852e-10
5.260000000000000000e+02 1.151840845209246442e-10
5.270000000000000000e+02 1.149010636665564824e-10
5.280000000000000000e+02 1.146192925397726430e-10
5.290000000000000000e+02 1.143387607454817778e-10
5.300000000000000000e+02 1.140594548473133612e-10
5.310000000000000000e+02 1.137813583047500515e-10
5.320000000000000000e+02 1.135044514094264080e-10
5.330000000000000000e+02 1.132287112212999900e-10
5.340000000000000000e+02 1.129541115037176535e-10
5.350000000000000000e+02 1.126806226583061612e-10
5.360000000000000000e+02 1.124082116591989943e-10
5.370000000000000000e+02 1.121368419865032940e-10
5.380000000000000000e+02 1.118664735594111946e-10
5.390000000000000000e+02 1.115970626686837387e-10
5.400000000000000000e+02 1.113285619083677900e-10
5.410000000000000000e+02 1.110609201071523983e-10
5.420000000000000000e+02 1.107940822590920871e-10
5.430000000000000000e+02 1.105279894536005940e-10
5.440000000000000000e+02 1.102625948615409461e-10
5.450000000000000000e+02 1.099979127806049719e-10
5.460000000000000000e+02 1.097339720669503290e-10
5.470000000000000000e+02 1.094708002802554163e-10
5.480000000000000000e+02 1.092084236502183787e-10
5.490000000000000000e+02 1.089468670431164567e-10
5.500000000000000000e+02 1.086861539277207428e-10
5.510000000000000000e+02 1.084263063409381485e-10
5.520000000000000000e+02 1.081673448534687401e-10
5.530000000000000000e+02 1.079092885345239258e-10
5.540000000000000000e+02 1.076521549169875088e-10
5.550000000000000000e+02 1.073959599614402321e-10
5.560000000000000000e+02 1.071407180205812799e-10
5.570000000000000000e+02 1.068864418029903998e-10
5.580000000000000000e+02 1.066331423362699367e-10
5.590000000000000000e+02 1.063808289306395928e-10
5.600000000000000000e+02 1.061295091414238646e-10
5.610000000000000000e+02 1.058791887316490036e-10
5.620000000000000000e+02 1.056298716341134501e-10
5.630000000000000000e+02 1.053815599133246271e-10
5.640000000000000000e+02 1.051342537269055741e-10
5.650000000000000000e+02 1.048879512867663275e-10
5.660000000000000000e+02 1.046426488197899253e-10
5.670000000000000000e+02 1.043983405286345802e-10
5.680000000000000000e+02 1.041550185514947160e-10
5.690000000000000000e+02 1.039126729221269212e-10
5.700000000000000000e+02 1.036712915292853617e-10
5.710000000000000000e+02 1.034308600758156694e-10
5.720000000000000000e+02 1.031913620374066637e-10
5.730000000000000000e+02 1.029527786211526225e-10
5.740000000000000000e+02 1.027150887234120099e-10
5.750000000000000000e+02 1.024782688878869839e-10
5.760000000000000000e+02 1.022422932625811695e-10
5.770000000000000000e+02 1.020071335573950332e-10
5.780000000000000000e+02 1.017727590003326406e-10
5.790000000000000000e+02 1.015391362940863191e-10
5.800000000000000000e+02 1.013062295721689832e-10
5.810000000000000000e+02 1.010740003542718679e-10
5.820000000000000000e+02 1.008424075016889813e-10
5.830000000000000000e+02 1.006114184116807791e-10
5.840000000000000000e+02 1.003810433076846352e-10
5.850000000000000000e+02 1.001513025679987928e-10
5.860000000000000000e+02 9.992221561750068788e-11
5.870000000000000000e+02 9.969380090521799796e-11
5.880000000000000000e+02 9.946607588202966260e-11
5.890000000000000000e+02 9.923905697746510858e-11
5.900000000000000000e+02 9.901275957701005861e-11
5.910000000000000000e+02 9.878719799872492716e-11
5.920000000000000000e+02 9.856238547010097905e-11
5.930000000000000000e+02 9.833833410422373711e-11
5.940000000000000000e+02 9.811505487623056892e-11
5.950000000000000000e+02 9.789255759907009438e-11
5.960000000000000000e+02 9.767085089955809865e-11
5.970000000000000000e+02 9.744994219378686136e-11
5.980000000000000000e+02 9.722983766266496062e-11
5.990000000000000000e+02 9.701054222714290348e-11
6.000000000000000000e+02 9.679205952306459929e-11
6.010000000000000000e+02 9.657439187598126107e-11
6.020000000000000000e+02 9.635754027604469029e-11
6.030000000000000000e+02 9.614150435189949217e-11
6.040000000000000000e+02 9.592628234527630072e-11
6.050000000000000000e+02 9.571187108469437583e-11
6.060000000000000000e+02 9.549826595929720842e-11
6.070000000000000000e+02 9.528546089253817323e-11
6.080000000000000000e+02 9.507344831525207756e-11
6.090000000000000000e+02 9.486221913909366803e-11
6.100000000000000000e+02 9.465176272906923720e-11
6.110000000000000000e+02 9.444206687672919915e-11
6.120000000000000000e+02 9.423311777221473563e-11
6.130000000000000000e+02 9.402489997667385585e-11
6.140000000000000000e+02 9.381739639452508703e-11
6.150000000000000000e+02 9.361058824509413625e-11
6.160000000000000000e+02 9.340445503420994282e-11
6.170000000000000000e+02 9.319897452582346521e-11
6.180000000000000000e+02 9.299412271305336114e-11
6.190000000000000000e+02 9.278987378925197225e-11
6.200000000000000000e+02 9.258620011867396492e-11
6.210000000000000000e+02 9.238307220722696526e-11
6.220000000000000000e+02 9.218046673137234966e-11
6.230000000000000000e+02 9.197839110089197904e-11
6.240000000000000000e+02 9.177685998479249322e-11
6.250000000000000000e+02 9.157588734087008563e-11
6.260000000000000000e+02 9.137548639960983326e-11
6.270000000000000000e+02 9.117566964912099295e-11
6.280000000000000000e+02 9.097644881945806426e-11
6.290000000000000000e+02 9.077783486669002757e-11
6.300000000000000000e+02 9.057983795708889011e-11
6.310000000000000000e+02 9.038246745106726013e-11
6.320000000000000000e+02 9.018573188711268999e-11
6.330000000000000000e+02 8.998963896546949645e-11
6.340000000000000000e+02 8.979419553162755066e-11
6.350000000000000000e+02 8.959940756006073444e-11
6.360000000000000000e+02 8.940528013714094320e-11
6.370000000000000000e+02 8.921181744474428378e-11
6.380000000000000000e+02 8.901902274309386225e-11
6.390000000000000000e+02 8.882689835372458078e-11
6.400000000000000000e+02 8.863544564238163086e-11
6.410000000000000000e+02 8.844466500172427591e-11
6.420000000000000000e+02 8.825455583357388329e-11
6.430000000000000000e+02 8.806511653173974191e-11
6.440000000000000000e+02 8.787634446406685184e-11
6.450000000000000000e+02 8.768823595460821759e-11
6.460000000000000000e+02 8.750078626566390067e-11
6.470000000000000000e+02 8.731398957968652119e-11
6.480000000000000000e+02 8.712783898098651720e-11
6.490000000000000000e+02 8.694232643736854122e-11
6.500000000000000000e+02 8.675744278156598595e-11
6.510000000000000000e+02 8.657317769260637570e-11
6.520000000000000000e+02 8.638951967704062210e-11
6.530000000000000000e+02 8.620645605003673839e-11
6.540000000000000000e+02 8.602397291626956333e-11
6.550000000000000000e+02 8.584205515053763174e-11
6.560000000000000000e+02 8.566068637884833271e-11
6.570000000000000000e+02 8.547984895855793643e-11
6.580000000000000000e+02 8.529952395877516843e-11
6.590000000000000000e+02 8.511969114096750783e-11
6.600000000000000000e+02 8.494032893854443105e-11
6.610000000000000000e+02 8.476142032490619731e-11
6.620000000000000000e+02 8.458297074203137924e-11
6.630000000000000000e+02 8.440499092067930480e-11
6.640000000000000000e+02 8.422749105274749373e-11
6.650000000000000000e+02 8.405048078074493129e-11
6.660000000000000000e+02 8.387396918669852928e-11
6.670000000000000000e+02 8.369796478104303063e-11
6.680000000000000000e+02 8.352247549212673699e-11
6.690000000000000000e+02 8.334750865437645407e-11
6.700000000000000000e+02 8.317307099763690423e-11
6.710000000000000000e+02 8.299916863565704448e-11
6.720000000000000000e+02 8.282580705463034500e-11
6.730000000000000000e+02 8.265299110200520680e-11
6.740000000000000000e+02 8.248072497450109216e-11
6.750000000000000000e+02 8.230901220696350663e-11
6.760000000000000000e+02 8.213785566027993717e-11
6.770000000000000000e+02 8.196725750978047938e-11
6.780000000000000000e+02 8.179721923319491494e-11
6.790000000000000000e+02 8.162774159888362466e-11
6.800000000000000000e+02 8.145882465347671837e-11
6.810000000000000000e+02 8.129046770993213184e-11
6.820000000000000000e+02 8.112266933543750282e-11
6.830000000000000000e+02 8.095542733864035065e-11
6.840000000000000000e+02 8.078873875766630045e-11
6.850000000000000000e+02 8.062259984746682573e-11
6.860000000000000000e+02 8.045700606715069298e-11
6.870000000000000000e+02 8.029195206744849186e-11
6.880000000000000000e+02 8.012743167779363789e-11
6.890000000000000000e+02 7.996343789361067440e-11
6.900000000000000000e+02 7.979996286344255859e-11
6.910000000000000000e+02 7.963699787561454554e-11
6.920000000000000000e+02 7.947453334548089839e-11
6.930000000000000000e+02 7.931255880198502584e-11
6.940000000000000000e+02 7.915106287427637189e-11
6.950000000000000000e+02 7.899003327876828337e-11
6.960000000000000000e+02 7.882945680512253304e-11
6.970000000000000000e+02 7.866931930305104546e-11
6.980000000000000000e+02 7.850960566842018037e-11
6.990000000000000000e+02 7.835029982972097883e-11
7.000000000000000000e+02 7.819138911199840421e-11
7.010000000000000000e+02 7.803287755741459135e-11
7.020000000000000000e+02 7.787477313096690609e-11
7.030000000000000000e+02 7.771708338440875114e-11
7.040000000000000000e+02 7.755981544876963023e-11
7.050000000000000000e+02 7.740297602647952275e-11
7.060000000000000000e+02 7.724657138359244250e-11
7.070000000000000000e+02 7.709060734186849682e-11
7.080000000000000000e+02 7.693508927087778851e-11
7.090000000000000000e+02 7.678002207998570777e-11
7.100000000000000000e+02 7.662541021029720113e-11
7.110000000000000000e+02 7.647125762659205781e-11
7.120000000000000000e+02 7.631756780910838244e-11
7.130000000000000000e+02 7.616434374538827453e-11
7.140000000000000000e+02 7.601158792195535744e-11
7.150000000000000000e+02 7.585930231599834332e-11
7.160000000000000000e+02 7.570748838698984527e-11
7.170000000000000000e+02 7.555614706823131195e-11
7.180000000000000000e+02 7.540527875834838299e-11
7.190000000000000000e+02 7.525488331274476915e-11
7.200000000000000000e+02 7.510496003495747815e-11
7.210000000000000000e+02 7.495550766799438548e-11
7.220000000000000000e+02 7.480652438559763031e-11
7.230000000000000000e+02 7.465800778343985465e-11
7.240000000000000000e+02 7.450995487029523939e-11
7.250000000000000000e+02 7.436236205908548102e-11
7.260000000000000000e+02 7.421522515794939454e-11
7.270000000000000000e+02 7.406853936118745722e-11
7.280000000000000000e+02 7.392229924019685248e-11
7.290000000000000000e+02 7.377649873429708053e-11
7.300000000000000000e+02 7.363113114152100832e-11
7.310000000000000000e+02 7.348618910937125538e-11
7.320000000000000000e+02 7.334166462549189718e-11
7.330000000000000000e+02 7.319754900823776598e-11
7.340000000000000000e+02 7.305383289727621863e-11
7.350000000000000000e+02 7.291050624405261335e-11
7.360000000000000000e+02 7.276755830222948481e-11
7.370000000000000000e+02 7.262497761806439150e-11
7.380000000000000000e+02 7.248275202068502472e-11
7.390000000000000000e+02 7.234087191730072323e-11
7.400000000000000000e+02 7.219934034135334757e-11
7.410000000000000000e+02 7.205816328072109925e-11
7.420000000000000000e+02 7.191734640280418292e-11
7.430000000000000000e+02 7.177689504898215346e-11
7.440000000000000000e+02 7.163681422892124605e-11
7.450000000000000000e+02 7.149710861493834233e-11
7.460000000000000000e+02 7.135778253628361430e-11
7.470000000000000000e+02 7.121883997335840260e-11
7.480000000000000000e+02 7.108028455197312255e-11
7.490000000000000000e+02 7.094211953748812419e-11
7.500000000000000000e+02 7.080434782892395950e-11
7.510000000000000000e+02 7.066697195312143557e-11
7.520000000000000000e+02 7.052999405873897169e-11
7.530000000000000000e+02 7.039341591029057880e-11
7.540000000000000000e+02 7.025723888210904361e-11
7.550000000000000000e+02 7.012146395230575246e-11
7.560000000000000000e+02 6.998609169665530619e-11
7.570000000000000000e+02 6.985112228244978796e-11
7.580000000000000000e+02 6.971655546233127874e-11
7.590000000000000000e+02 6.958239056805786233e-11
7.600000000000000000e+02 6.944862650423871449e-11
7.610000000000000000e+02 6.931526174207477552e-11
7.620000000000000000e+02 6.918229431295062089e-11
7.630000000000000000e+02 6.904972180212253027e-11
7.640000000000000000e+02 6.891754134224802233e-11
7.650000000000000000e+02 6.878574960695727838e-11
7.660000000000000000e+02 6.865434280432932405e-11
7.670000000000000000e+02 6.852331667037365212e-11
7.680000000000000000e+02 6.839266646242517247e-11
7.690000000000000000e+02 6.826238695254478416e-11
7.700000000000000000e+02 6.813247242081406844e-11
7.710000000000000000e+02 6.800291664870086083e-11
7.720000000000000000e+02 6.787371291224416173e-11
7.730000000000000000e+02 6.774485397530971930e-11
7.740000000000000000e+02 6.761633208274852201e-11
7.750000000000000000e+02 6.748813895352332840e-11
7.760000000000000000e+02 6.736026577382193617e-11
7.770000000000000000e+02 6.723270319006307274e-11
7.780000000000000000e+02 6.710544383135249897e-11
7.790000000000000000e+02 6.697848999490007457e-11
7.800000000000000000e+02 6.685184623427906894e-11
7.810000000000000000e+02 6.672551685183722025e-11
7.820000000000000000e+02 6.659950589459013265e-11
7.830000000000000000e+02 6.647381715003068884e-11
7.840000000000000000e+02 6.634845414198827438e-11
7.850000000000000000e+02 6.622342012638448813e-11
7.860000000000000000e+02 6.609871808705868480e-11
7.870000000000000000e+02 6.597435073143088609e-11
7.880000000000000000e+02 6.585032048629313737e-11
7.890000000000000000e+02 6.572662949344765511e-11
7.900000000000000000e+02 6.560327960539549689e-11
7.910000000000000000e+02 6.548027238094966074e-11
7.920000000000000000e+02 6.535760908085000679e-11
7.930000000000000000e+02 6.523529066335121811e-11
7.940000000000000000e+02 6.511331777975358261e-11
7.950000000000000000e+02 6.499169076995622518e-11
7.960000000000000000e+02 6.487040965792294295e-11
7.970000000000000000e+02 6.474947414718039124e-11
7.980000000000000000e+02 6.462888361622883370e-11
7.990000000000000000e+02 6.450863711397507146e-11
8.000000000000000000e+02 6.438873335514783327e-11
8.010000000000000000e+02 6.426917071558503036e-11
8.020000000000000000e+02 6.414994722761335812e-11
8.030000000000000000e+02 6.403106057537038297e-11
8.040000000000000000e+02 6.391250809001746721e-11
8.050000000000000000e+02 6.379428674503578675e-11
8.060000000000000000e+02 6.367639315143380173e-11
8.070000000000000000e+02 6.355882355292618939e-11
8.080000000000000000e+02 6.344157382109464368e-11
8.090000000000000000e+02 6.332463945055125968e-11
8.100000000000000000e+02 6.320801555400154494e-11
8.110000000000000000e+02 6.309169685735096109e-11
8.120000000000000000e+02 6.297567769474160758e-11
8.130000000000000000e+02 6.285995200358118930e-11
8.140000000000000000e+02 6.274451331952237918e-11
8.150000000000000000e+02 6.262935477142376321e-11
8.160000000000000000e+02 6.251446907630297886e-11
8.170000000000000000e+02 6.239985049396607933e-11
8.180000000000000000e+02 6.228550077809165575e-11
8.190000000000000000e+02 6.217142342716464161e-11
8.200000000000000000e+02 6.205762174080825481e-11
8.210000000000000000e+02 6.194409881666603083e-11
8.220000000000000000e+02 6.183085754734943578e-11
8.230000000000000000e+02 6.171790061723952088e-11
8.240000000000000000e+02 6.160523049947118997e-11
8.250000000000000000e+02 6.149284945264352801e-11
8.260000000000000000e+02 6.138075951776652243e-11
8.270000000000000000e+02 6.126896251497543706e-11
8.280000000000000000e+02 6.115746004036485586e-11
8.290000000000000000e+02 6.104625346276102425e-11
8.300000000000000000e+02 6.093534392043167351e-11
8.310000000000000000e+02 6.082473231786288574e-11
8.320000000000000000e+02 6.071441932244127239e-11
8.330000000000000000e+02 6.060440536114896122e-11
8.340000000000000000e+02 6.049469061725020800e-11
8.350000000000000000e+02 6.038527502689310594e-11
8.360000000000000000e+02 6.027615827584482012e-11
8.370000000000000000e+02 6.016733979596654441e-11
8.380000000000000000e+02 6.005881876195385404e-11
8.390000000000000000e+02 5.995059408777177695e-11
8.400000000000000000e+02 5.984266442333459414e-11
8.410000000000000000e+02 5.973502815093407383e-11
8.420000000000000000e+02 5.962768338182480527e-11
8.430000000000000000e+02 5.952062795270131402e-11
8.440000000000000000e+02 5.941385942215516988e-11
8.450000000000000000e+02 5.930737506714548474e-11
8.460000000000000000e+02 5.920117187943852044e-11
8.470000000000000000e+02 5.909524656201605762e-11
8.480000000000000000e+02 5.898959552545233171e-11
8.490000000000000000e+02 5.888421488434991848e-11
8.500000000000000000e+02 5.877910045359733627e-11
8.510000000000000000e+02 5.867424774482153982e-11
8.520000000000000000e+02 5.856965196259338424e-11
8.530000000000000000e+02 5.846530800078308020e-11
8.540000000000000000e+02 5.836121043883874712e-11
8.550000000000000000e+02 5.825735353799866266e-11
8.560000000000000000e+02 5.815373277302311066e-11
8.570000000000000000e+02 5.805034949219305710e-11
8.580000000000000000e+02 5.794720640841654392e-11
8.590000000000000000e+02 5.784430607574659764e-11
8.600000000000000000e+02 5.774165088707199315e-11
8.610000000000000000e+02 5.763924307173644698e-11
8.620000000000000000e+02 5.753708469319038719e-11
8.630000000000000000e+02 5.743517764668774657e-11
8.640000000000000000e+02 5.733352365680574555e-11
8.650000000000000000e+02 5.723212427512594949e-11
8.660000000000000000e+02 5.713098087778497402e-11
8.670000000000000000e+02 5.703009466306975463e-11
8.680000000000000000e+02 5.692946664896389635e-11
8.690000000000000000e+02 5.682909767071560118e-11
8.700000000000000000e+02 5.672898837835621027e-11
8.710000000000000000e+02 5.662913923425253126e-11
8.720000000000000000e+02 5.652955051056177151e-11
8.730000000000000000e+02 5.643022228679178188e-11
8.740000000000000000e+02 5.633115444719212257e-11
8.750000000000000000e+02 5.623234667833452751e-11
8.760000000000000000e+02 5.613379846645161233e-11
8.770000000000000000e+02 5.603550909496565286e-11
8.780000000000000000e+02 5.593747764184685463e-11
8.790000000000000000e+02 5.583970297705389446e-11
8.800000000000000000e+02 5.574218375992410750e-11
8.810000000000000000e+02 5.564491843656169027e-11
8.820000000000000000e+02 5.554790523718727829e-11
8.830000000000000000e+02 5.545114217352209722e-11
8.840000000000000000e+02 5.535462703605996649e-11
8.850000000000000000e+02 5.525835739149647358e-11
8.860000000000000000e+02 5.516233057992310638e-11
8.870000000000000000e+02 5.506654371222804485e-11
8.880000000000000000e+02 5.497099366727331671e-11
8.890000000000000000e+02 5.487567708927960782e-11
8.900000000000000000e+02 5.478059038494936026e-11
8.910000000000000000e+02 5.468572972082299328e-11
8.920000000000000000e+02 5.459109102040980794e-11
8.930000000000000000e+02 5.449666996145323751e-11
8.940000000000000000e+02 5.440246197311976469e-11
8.950000000000000000e+02 5.430846344836012188e-11
8.960000000000000000e+02 5.421467543027081380e-11
8.970000000000000000e+02 5.412110004021952924e-11
8.980000000000000000e+02 5.402773927159141584e-11
8.990000000000000000e+02 5.393459498808816414e-11
9.000000000000000000e+02 5.384166892190298865e-11
9.010000000000000000e+02 5.374896267193689682e-11
9.020000000000000000e+02 5.365647770197909856e-11
9.030000000000000000e+02 5.356421533887765101e-11
9.040000000000000000e+02 5.347217677075137198e-11
9.050000000000000000e+02 5.338036304511473784e-11
9.060000000000000000e+02 5.328877506703137721e-11
9.070000000000000000e+02 5.319741359727021438e-11
9.080000000000000000e+02 5.310627925043889095e-11
9.090000000000000000e+02 5.301537249309415577e-11
9.100000000000000000e+02 5.292469364186797773e-11
9.110000000000000000e+02 5.283424286154460931e-11
9.120000000000000000e+02 5.274402016315333430e-11
9.130000000000000000e+02 5.265402540210356324e-11
9.140000000000000000e+02 5.256425827616584063e-11
9.150000000000000000e+02 5.247471832361267254e-11
9.160000000000000000e+02 5.238540492123141898e-11
9.170000000000000000e+02 5.229631728233968737e-11
9.180000000000000000e+02 5.220745445489604549e-11
9.190000000000000000e+02 5.211881531942896804e-11
9.200000000000000000e+02 5.203039858710058779e-11
9.210000000000000000e+02 5.194220279768087208e-11
9.220000000000000000e+02 5.185422631753770963e-11
9.230000000000000000e+02 5.176646733767039206e-11
9.240000000000000000e+02 5.167892387155873751e-11
9.250000000000000000e+02 5.159159375325591581e-11
9.260000000000000000e+02 5.150447463521649199e-11
9.270000000000000000e+02 5.141756398631488278e-11
9.280000000000000000e+02 5.133085908975999549e-11
9.290000000000000000e+02 5.124435704094448738e-11
9.300000000000000000e+02 5.115805474544614214e-11
9.310000000000000000e+02 5.107194891682895893e-11
9.320000000000000000e+02 5.098603607462378475e-11
9.330000000000000000e+02 5.090031254212151936e-11
9.340000000000000000e+02 5.081477541497732058e-11
9.350000000000000000e+02 5.072942550458885239e-11
9.360000000000000000e+02 5.064426448234682381e-11
9.370000000000000000e+02 5.055929391583770464e-11
9.380000000000000000e+02 5.047451526743478483e-11
9.390000000000000000e+02 5.038992989292337442e-11
9.400000000000000000e+02 5.030553904016018294e-11
9.410000000000000000e+02 5.022134384764251662e-11
9.420000000000000000e+02 5.013734534308371183e-11
9.430000000000000000e+02 5.005354444203670654e-11
9.440000000000000000e+02 4.996994194649680947e-11
9.450000000000000000e+02 4.988653854339891329e-11
9.460000000000000000e+02 4.980333480330338247e-11
9.470000000000000000e+02 4.972033117880809268e-11
9.480000000000000000e+02 4.963752800326194524e-11
9.490000000000000000e+02 4.955492548916161015e-11
9.500000000000000000e+02 4.947252372680835277e-11
9.510000000000000000e+02 4.939032268275980379e-11
9.520000000000000000e+02 4.930832219841594562e-11
9.530000000000000000e+02 4.922652198845531453e-11
9.540000000000000000e+02 4.914492163943451283e-11
9.550000000000000000e+02 4.906352060822364838e-11
9.560000000000000000e+02 4.898231822051948395e-11
9.570000000000000000e+02 4.890131366932255243e-11
9.580000000000000000e+02 4.882050601344982798e-11
9.590000000000000000e+02 4.873989417595349269e-11
9.600000000000000000e+02 4.865947694263282577e-11
9.610000000000000000e+02 4.857925296045202027e-11
9.620000000000000000e+02 4.849922073599352339e-11
9.630000000000000000e+02 4.841937863393272832e-11
9.640000000000000000e+02 4.833972487541821242e-11
9.650000000000000000e+02 4.826025753653098415e-11
9.660000000000000000e+02 4.818097454669278714e-11
9.670000000000000000e+02 4.810187368706633946e-11
9.680000000000000000e+02 4.802295258897740247e-11
9.690000000000000000e+02 4.794420873227005507e-11
9.700000000000000000e+02 4.786563944375751357e-11
9.710000000000000000e+02 4.778724189550272052e-11
9.720000000000000000e+02 4.770901310331285014e-11
9.730000000000000000e+02 4.763095070700522854e-11
9.740000000000000000e+02 4.755305534069743098e-11
9.750000000000000000e+02 4.747532833032021008e-11
9.760000000000000000e+02 4.739777091694543625e-11
9.770000000000000000e+02 4.732038425577223271e-11
9.780000000000000000e+02 4.724316941495811763e-11
9.790000000000000000e+02 4.716612737462417726e-11
9.800000000000000000e+02 4.708925902567481486e-11
9.810000000000000000e+02 4.701256516882259532e-11
9.820000000000000000e+02 4.693604651338161472e-11
9.830000000000000000e+02 4.685970367622117511e-11
9.840000000000000000e+02 4.678353718068425873e-11
9.850000000000000000e+02 4.670754745536332658e-11
9.860000000000000000e+02 4.663173483312923421e-11
9.870000000000000000e+02 4.655609954989610891e-11
9.880000000000000000e+02 4.648064174350185767e-11
9.890000000000000000e+02 4.640536145264503331e-11
9.900000000000000000e+02 4.633025861564728181e-11
9.910000000000000000e+02 4.625533306939444773e-11
9.920000000000000000e+02 4.618058454810298295e-11
9.930000000000000000e+02 4.610601268221917607e-11
9.940000000000000000e+02 4.603161699723587056e-11
9.950000000000000000e+02 4.595739691251892163e-11
9.960000000000000000e+02 4.588335174012780474e-11
9.970000000000000000e+02 4.580948068363078271e-11
9.980000000000000000e+02 4.573578283697663787e-11
9.990000000000000000e+02 4.566225718320491005e-11
1.000000000000000000e+03 4.558890259330622914e-11
1.001000000000000000e+03 4.551571782503046412e-11
1.002000000000000000e+03 4.544270152162619675e-11
1.003000000000000000e+03 4.536985221066876819e-11
1.004000000000000000e+03 4.529716830285134162e-11
1.005000000000000000e+03 4.522464809067510700e-11
1.006000000000000000e+03 4.515228974730788164e-11
1.007000000000000000e+03 4.508009132532625285e-11
1.008000000000000000e+03 4.500805075541985770e-11
1.009000000000000000e+03 4.493616584520133502e-11
1.010000000000000000e+03 4.486443427793089695e-11
1.011000000000000000e+03 4.479285361123493569e-11
1.012000000000000000e+03 4.472142191081259980e-11
1.013000000000000000e+03 4.465013967424813769e-11
1.014000000000000000e+03 4.457900796008527070e-11
1.015000000000000000e+03 4.450802775708702221e-11
1.016000000000000000e+03 4.443719998334831438e-11
1.017000000000000000e+03 4.436652548553397323e-11
1.018000000000000000e+03 4.429600503788560789e-11
1.019000000000000000e+03 4.422563934154899637e-11
1.020000000000000000e+03 4.415542902352343055e-11
1.021000000000000000e+03 4.408537463598148930e-11
1.022000000000000000e+03 4.401547665525839832e-11
1.023000000000000000e+03 4.394573548109883691e-11
1.024000000000000000e+03 4.387615143567009213e-11
1.025000000000000000e+03 4.380672476275144118e-11
1.026000000000000000e+03 4.373745562688709262e-11
1.027000000000000000e+03 4.366834411238598928e-11
1.028000000000000000e+03 4.359939022253224498e-11
1.029000000000000000e+03 4.353059387865928388e-11
1.030000000000000000e+03 4.346195491921938503e-11
1.031000000000000000e+03 4.339347309891561454e-11
1.032000000000000000e+03 4.332514808781307810e-11
1.033000000000000000e+03 4.325697947034556761e-11
1.034000000000000000e+03 4.318896674446823090e-11
1.035000000000000000e+03 4.312110932075642960e-11
1.036000000000000000e+03 4.305340652139907966e-11
1.037000000000000000e+03 4.298585757933912027e-11
1.038000000000000000e+03 4.291846163727495821e-11
1.039000000000000000e+03 4.285121774682654698e-11
1.040000000000000000e+03 4.278412486749439298e-11
1.041000000000000000e+03 4.271718186571519955e-11
1.042000000000000000e+03 4.265038751401586154e-11
1.043000000000000000e+03 4.258374048994181408e-11
1.044000000000000000e+03 4.251723937513406701e-11
1.045000000000000000e+03 4.245088265440221329e-11
1.046000000000000000e+03 4.238466871472484589e-11
1.047000000000000000e+03 4.231859584424513430e-11
1.048000000000000000e+03 4.225266223138261355e-11
1.049000000000000000e+03 4.218686596375133529e-11
1.050000000000000000e+03 4.212120502726310069e-11
1.051000000000000000e+03 4.205567782436052147e-11
1.052000000000000000e+03 4.199028474678589905e-11
1.053000000000000000e+03 4.192502664456428036e-11
1.054000000000000000e+03 4.185990430990777333e-11
1.055000000000000000e+03 4.179491847659917451e-11
1.056000000000000000e+03 4.173006981930307628e-11
1.057000000000000000e+03 4.166535895290854262e-11
1.058000000000000000e+03 4.160078643183374743e-11
1.059000000000000000e+03 4.153635274938015333e-11
1.060000000000000000e+03 4.147205833697789024e-11
1.061000000000000000e+03 4.140790356360407299e-11
1.062000000000000000e+03 4.134388873500426273e-11
1.063000000000000000e+03 4.128001409305163465e-11
1.064000000000000000e+03 4.121627981501479389e-11
1.065000000000000000e+03 4.115268601291092028e-11
1.066000000000000000e+03 4.108923273274926643e-11
1.067000000000000000e+03 4.102591995386031430e-11
1.068000000000000000e+03 4.096274758816821162e-11
1.069000000000000000e+03 4.089971547949588207e-11
1.070000000000000000e+03 4.083682340286694945e-11
1.071000000000000000e+03 4.077407106375059931e-11
1.072000000000000000e+03 4.071145809730280878e-11
1.073000000000000000e+03 4.064898406780300427e-11
1.074000000000000000e+03 4.058664846772654641e-11
1.075000000000000000e+03 4.052445071715704408e-11
1.076000000000000000e+03 4.046239016296027886e-11
1.077000000000000000e+03 4.040046607815447504e-11
1.078000000000000000e+03 4.033867766105933107e-11
1.079000000000000000e+03 4.027702403460515571e-11
1.080000000000000000e+03 4.021550424558444413e-11
1.081000000000000000e+03 4.015411726390007406e-11
1.082000000000000000e+03 4.009286198179180149e-11
1.083000000000000000e+03 4.003173721313304725e-11
1.084000000000000000e+03 3.997074169261404974e-11
1.085000000000000000e+03 3.990987407497674866e-11
1.086000000000000000e+03 3.984913293432038633e-11
1.087000000000000000e+03 3.978851676325597394e-11
1.088000000000000000e+03 3.972802397216844652e-11
1.089000000000000000e+03 3.966765288838238014e-11
1.090000000000000000e+03 3.960740218307171554e-11
1.091000000000000000e+03 3.954727216544126383e-11
1.092000000000000000e+03 3.948726352156342031e-11
1.093000000000000000e+03 3.942737688944733481e-11
1.094000000000000000e+03 3.936761285844277941e-11
1.095000000000000000e+03 3.930797196873507712e-11
1.096000000000000000e+03 3.924845471080021607e-11
1.097000000000000000e+03 3.918906152489520282e-11
1.098000000000000000e+03 3.912979280050858180e-11
1.099000000000000000e+03 3.907064887573239198e-11
1.100000000000000000e+03 3.901163003685902617e-11
1.101000000000000000e+03 3.895273651772956779e-11
1.102000000000000000e+03 3.889396849919308618e-11
1.103000000000000000e+03 3.883532610858274692e-11
1.104000000000000000e+03 3.877680941915146140e-11
1.105000000000000000e+03 3.871841844950503544e-11
1.106000000000000000e+03 3.866015316303275240e-11
1.107000000000000000e+03 3.860201346735473251e-11
1.108000000000000000e+03 3.854399921378612661e-11
1.109000000000000000e+03 3.848611019668334622e-11
1.110000000000000000e+03 3.842834615296109993e-11
1.111000000000000000e+03 3.837070676145267255e-11
1.112000000000000000e+03 3.831319164242263178e-11
1.113000000000000000e+03 3.825580035686369877e-11
1.114000000000000000e+03 3.819853240600442064e-11
1.115000000000000000e+03 3.814138723071760055e-11
1.116000000000000000e+03 3.808436421090655561e-11
1.117000000000000000e+03 3.802746266492779644e-11
1.118000000000000000e+03 3.797068184899172195e-11
1.119000000000000000e+03 3.791402095658033586e-11
1.120000000000000000e+03 3.785747911786261096e-11
1.121000000000000000e+03 3.780105539908773273e-11
1.122000000000000000e+03 3.774474880191629153e-11
1.123000000000000000e+03 3.768855826294652780e-11
1.124000000000000000e+03 3.763248265302099317e-11
1.125000000000000000e+03 3.757652077660926045e-11
1.126000000000000000e+03 3.752067137124786420e-11
1.127000000000000000e+03 3.746493310689835042e-11
1.128000000000000000e+03 3.740930458530246340e-11
1.129000000000000000e+03 3.735378469363726481e-11
1.130000000000000000e+03 3.729837367645141969e-11
1.131000000000000000e+03 3.724307209021783796e-11
1.132000000000000000e+03 3.718788045109446893e-11
1.133000000000000000e+03 3.713279923459505743e-11
1.134000000000000000e+03 3.707782887509753370e-11
1.135000000000000000e+03 3.702296976545105082e-11
1.136000000000000000e+03 3.696822225652065412e-11
1.137000000000000000e+03 3.691358665672994723e-11
1.138000000000000000e+03 3.685906323168303825e-11
1.139000000000000000e+03 3.680465220370362561e-11
1.140000000000000000e+03 3.675035375131074013e-11
1.141000000000000000e+03 3.669616800895771777e-11
1.142000000000000000e+03 3.664209506636124630e-11
1.143000000000000000e+03 3.658813496825735352e-11
1.144000000000000000e+03 3.653428771382848772e-11
1.145000000000000000e+03 3.648055325627164539e-11
1.146000000000000000e+03 3.642693150240608081e-11
1.147000000000000000e+03 3.637342231215576891e-11
1.148000000000000000e+03 3.632002549811191715e-11
1.149000000000000000e+03 3.626674082507324697e-11
1.150000000000000000e+03 3.621356800960504195e-11
1.151000000000000000e+03 3.616050671955478181e-11
1.152000000000000000e+03 3.610755657356570206e-11
1.153000000000000000e+03 3.605471714069263973e-11
1.154000000000000000e+03 3.600198793982840940e-11
1.155000000000000000e+03 3.594936843933681941e-11
1.156000000000000000e+03 3.589685805649581125e-11
1.157000000000000000e+03 3.584445615706401693e-11
1.158000000000000000e+03 3.579216205480358565e-11
1.159000000000000000e+03 3.573997501100114277e-11
1.160000000000000000e+03 3.568789423396550383e-11
1.161000000000000000e+03 3.563591887862932889e-11
1.162000000000000000e+03 3.558404804589475160e-11
1.163000000000000000e+03 3.553228078237946058e-11
1.164000000000000000e+03 3.548061607969452552e-11
1.165000000000000000e+03 3.542905287414454421e-11
1.166000000000000000e+03 3.537759004612867330e-11
1.167000000000000000e+03 3.532622641968830268e-11
1.168000000000000000e+03 3.527496105708541988e-11
1.169000000000000000e+03 3.522379415197558203e-11
1.170000000000000000e+03 3.517272615756259398e-11
1.171000000000000000e+03 3.512175749318626182e-11
1.172000000000000000e+03 3.507088854401289155e-11
1.173000000000000000e+03 3.502011966059518382e-11
1.174000000000000000e+03 3.496945115860286381e-11
1.175000000000000000e+03 3.491888331846587562e-11
1.176000000000000000e+03 3.486841638497272140e-11
1.177000000000000000e+03 3.481805056697550047e-11
1.178000000000000000e+03 3.476778603696338128e-11
1.179000000000000000e+03 3.471762293078671093e-11
1.180000000000000000e+03 3.466756134727107071e-11
1.181000000000000000e+03 3.461760134776387131e-11
1.182000000000000000e+03 3.456774295596388898e-11
1.183000000000000000e+03 3.451798615739939212e-11
1.184000000000000000e+03 3.446833089907933598e-11
1.185000000000000000e+03 3.441877708920961392e-11
1.186000000000000000e+03 3.436932459679794289e-11
1.187000000000000000e+03 3.431997325121275652e-11
1.188000000000000000e+03 3.427072284191729879e-11
1.189000000000000000e+03 3.422157311800336563e-11
1.190000000000000000e+03 3.417252378790055095e-11
1.191000000000000000e+03 3.412357451895118559e-11
1.192000000000000000e+03 3.407472493702776636e-11
1.193000000000000000e+03 3.402597462619364395e-11
1.194000000000000000e+03 3.397732312831786692e-11
1.195000000000000000e+03 3.392876994266577261e-11
1.196000000000000000e+03 3.388031452553297901e-11
1.197000000000000000e+03 3.383195628985534978e-11
1.198000000000000000e+03 3.378369460484002646e-11
1.199000000000000000e+03 3.373552879557240778e-11
1.200000000000000000e+03 3.368745814262171379e-11
1.201000000000000000e+03 3.363948188164468232e-11
1.202000000000000000e+03 3.359159920303345499e-11
1.203000000000000000e+03 3.354380925142545332e-11
1.204000000000000000e+03 3.349611112546175801e-11
1.205000000000000000e+03 3.344850387724846564e-11
1.206000000000000000e+03 3.340098651202103439e-11
1.207000000000000000e+03 3.335355823506940014e-11
1.208000000000000000e+03 3.330621919965215860e-11
1.209000000000000000e+03 3.325896977632024556e-11
1.210000000000000000e+03 3.321181030703345434e-11
1.211000000000000000e+03 3.316474110487464496e-11
1.212000000000000000e+03 3.311776245364721081e-11
1.213000000000000000e+03 3.307087460777098325e-11
1.214000000000000000e+03 3.302407779185436590e-11
1.215000000000000000e+03 3.297737220047285057e-11
1.216000000000000000e+03 3.293075799785390028e-11
1.217000000000000000e+03 3.288423531765368798e-11
1.218000000000000000e+03 3.283780426249998235e-11
1.219000000000000000e+03 3.279146490397626983e-11
1.220000000000000000e+03 3.274521728199876480e-11
1.221000000000000000e+03 3.269906140484555478e-11
1.222000000000000000e+03 3.265299724860065106e-11
1.223000000000000000e+03 3.260702475699412313e-11
1.224000000000000000e+03 3.256114384110112769e-11
1.225000000000000000e+03 3.251535437899245072e-11
1.226000000000000000e+03 3.246965621547800393e-11
1.227000000000000000e+03 3.242404916177847281e-11
1.228000000000000000e+03 3.237853299521924693e-11
1.229000000000000000e+03 3.233310745897069810e-11
1.230000000000000000e+03 3.228777226169245397e-11
1.231000000000000000e+03 3.224252707727134332e-11
1.232000000000000000e+03 3.219737154448700827e-11
1.233000000000000000e+03 3.215230526667601732e-11
1.234000000000000000e+03 3.210732781153815638e-11
1.235000000000000000e+03 3.206243871065495154e-11
1.236000000000000000e+03 3.201763745931758963e-11
1.237000000000000000e+03 3.197292351618643001e-11
1.238000000000000000e+03 3.192829630287701360e-11
1.239000000000000000e+03 3.188375520383333621e-11
1.240000000000000000e+03 3.183929956581502890e-11
1.241000000000000000e+03 3.179492869769621734e-11
1.242000000000000000e+03 3.175064187011873933e-11
1.243000000000000000e+03 3.170643831519257607e-11
1.244000000000000000e+03 3.166231722614643310e-11
1.245000000000000000e+03 3.161827775697702851e-11
1.246000000000000000e+03 3.157431923043014533e-11
1.247000000000000000e+03 3.153044176774218211e-11
1.248000000000000000e+03 3.148664567296365184e-11
1.249000000000000000e+03 3.144293122587078036e-11
1.250000000000000000e+03 3.139929868166509114e-11
1.251000000000000000e+03 3.135574827079437887e-11
1.252000000000000000e+03 3.131228019872412970e-11
1.253000000000000000e+03 3.126889464568323430e-11
1.254000000000000000e+03 3.122559176643340481e-11
1.255000000000000000e+03 3.118237168996343465e-11
1.256000000000000000e+03 3.113923451945463143e-11
1.257000000000000000e+03 3.109618033177532560e-11
1.258000000000000000e+03 3.105320917746952898e-11
1.259000000000000000e+03 3.101032108037301962e-11
1.260000000000000000e+03 3.096751603745173134e-11
1.261000000000000000e+03 3.092479401854000926e-11
1.262000000000000000e+03 3.088215496602770930e-11
1.263000000000000000e+03 3.083959879477130218e-11
1.264000000000000000e+03 3.079712539172931936e-11
1.265000000000000000e+03 3.075473461569627879e-11
1.266000000000000000e+03 3.071242629716153428e-11
1.267000000000000000e+03 3.067020023801669268e-11
1.268000000000000000e+03 3.062805621128700636e-11
1.269000000000000000e+03 3.058599396086159601e-11
1.270000000000000000e+03 3.054401320132398845e-11
1.271000000000000000e+03 3.050211361763005262e-11
1.272000000000000000e+03 3.046029486491158291e-11
1.273000000000000000e+03 3.041855656815197975e-11
1.274000000000000000e+03 3.037689832203899207e-11
1.275000000000000000e+03 3.033531969056199024e-11
1.276000000000000000e+03 3.029382020691391278e-11
1.277000000000000000e+03 3.025239937313754980e-11
1.278000000000000000e+03 3.021105665989821688e-11
1.279000000000000000e+03 3.016979150620439429e-11
1.280000000000000000e+03 3.012860331917873359e-11
1.281000000000000000e+03 3.008749147380253642e-11
1.282000000000000000e+03 3.004645531258188372e-11
1.283000000000000000e+03 3.000549414541911253e-11
1.284000000000000000e+03 2.996460724922541757e-11
1.285000000000000000e+03 2.992379404393888857e-11
1.286000000000000000e+03 2.988305462526819981e-11
1.287000000000000000e+03 2.984238924362579628e-11
1.288000000000000000e+03 2.980179812861349309e-11
1.289000000000000000e+03 2.976128148892751768e-11
1.290000000000000000e+03 2.972083951221126523e-11
1.291000000000000000e+03 2.968047236475063768e-11
1.292000000000000000e+03 2.964018019140377221e-11
1.293000000000000000e+03 2.959996311532087895e-11
1.294000000000000000e+03 2.955982123774149782e-11
1.295000000000000000e+03 2.951975463789649695e-11
1.296000000000000000e+03 2.947976337272529322e-11
1.297000000000000000e+03 2.943984747669737519e-11
1.298000000000000000e+03 2.940000696160675512e-11
1.299000000000000000e+03 2.936024181644519708e-11
1.300000000000000000e+03 2.932055200708937471e-11
1.301000000000000000e+03 2.928093747619913440e-11
1.302000000000000000e+03 2.924139814300923323e-11
1.303000000000000000e+03 2.920193390298697018e-11
1.304000000000000000e+03 2.916254462788858306e-11
1.305000000000000000e+03 2.912323016530868711e-11
1.306000000000000000e+03 2.908399033862884440e-11
1.307000000000000000e+03 2.904482494675202591e-11
1.308000000000000000e+03 2.900573376388942512e-11
1.309000000000000000e+03 2.896671653942737244e-11
1.310000000000000000e+03 2.892777299763222231e-11
1.311000000000000000e+03 2.888890283748881069e-11
1.312000000000000000e+03 2.885010573251148951e-11
1.313000000000000000e+03 2.881138133050038628e-11
1.314000000000000000e+03 2.877272925335089078e-11
1.315000000000000000e+03 2.873414909680814729e-11
1.316000000000000000e+03 2.869564043032942264e-11
1.317000000000000000e+03 2.865720279678270879e-11
1.318000000000000000e+03 2.861883571230766274e-11
1.319000000000000000e+03 2.858053866612173614e-11
1.320000000000000000e+03 2.854231112018875044e-11
1.321000000000000000e+03 2.850415250910510143e-11
1.322000000000000000e+03 2.846606223987620723e-11
1.323000000000000000e+03 2.842803969166464146e-11
1.324000000000000000e+03 2.839008436536172970e-11
1.325000000000000000e+03 2.835219633635646420e-11
1.326000000000000000e+03 2.831437581128193532e-11
1.327000000000000000e+03 2.827662297901614729e-11
1.328000000000000000e+03 2.823893801061592136e-11
1.329000000000000000e+03 2.820132105897343485e-11
1.330000000000000000e+03 2.816377225885973216e-11
1.331000000000000000e+03 2.812629172663539574e-11
1.332000000000000000e+03 2.808887956012666606e-11
1.333000000000000000e+03 2.805153583847355388e-11
1.334000000000000000e+03 2.801426062192127756e-11
1.335000000000000000e+03 2.797705395174256954e-11
1.336000000000000000e+03 2.793991585003094575e-11
1.337000000000000000e+03 2.790284631951270626e-11
1.338000000000000000e+03 2.786584534341442154e-11
1.339000000000000000e+03 2.782891288529905057e-11
1.340000000000000000e+03 2.779204888888743459e-11
1.341000000000000000e+03 2.775525327790159810e-11
1.342000000000000000e+03 2.771852595590197842e-11
1.343000000000000000e+03 2.768186680611261596e-11
1.344000000000000000e+03 2.764527569125431577e-11
1.345000000000000000e+03 2.760875245338854303e-11
1.346000000000000000e+03 2.757229691373518159e-11
1.347000000000000000e+03 2.753590887250954063e-11
1.348000000000000000e+03 2.749958810875596535e-11
1.349000000000000000e+03 2.746333438017515005e-11
1.350000000000000000e+03 2.742714742295088262e-11
1.351000000000000000e+03 2.739102695158464068e-11
1.352000000000000000e+03 2.735497265871253913e-11
1.353000000000000000e+03 2.731898421495314183e-11
1.354000000000000000e+03 2.728306126870879929e-11
1.355000000000000000e+03 2.724720344601514386e-11
1.356000000000000000e+03 2.721141035035267991e-11
1.357000000000000000e+03 2.717568156247790328e-11
1.358000000000000000e+03 2.714001664024509558e-11
1.359000000000000000e+03 2.710441511842757560e-11
1.360000000000000000e+03 2.706887650855571413e-11
1.361000000000000000e+03 2.703340029871372534e-11
1.362000000000000000e+03 2.699798595338808275e-11
1.363000000000000000e+03 2.696263304114957087e-11
1.364000000000000000e+03 2.692734162108576233e-11
1.365000000000000000e+03 2.689211186430659888e-11
1.366000000000000000e+03 2.685694392666953877e-11
1.367000000000000000e+03 2.682183794866085312e-11
1.368000000000000000e+03 2.678679405525884065e-11
1.369000000000000000e+03 2.675181235579952062e-11
1.370000000000000000e+03 2.671689294385061387e-11
1.371000000000000000e+03 2.668203589707931344e-11
1.372000000000000000e+03 2.664724127710764104e-11
1.373000000000000000e+03 2.661250912938806306e-11
1.374000000000000000e+03 2.657783948306677951e-11
1.375000000000000000e+03 2.654323235085249961e-11
1.376000000000000000e+03 2.650868772886990483e-11
1.377000000000000000e+03 2.647420559653336160e-11
1.378000000000000000e+03 2.643978591641431078e-11
1.379000000000000000e+03 2.640542863409324748e-11
1.380000000000000000e+03 2.637113367802308769e-11
1.381000000000000000e+03 2.633690095941010271e-11
1.382000000000000000e+03 2.630273037204641507e-11
1.383000000000000000e+03 2.626862179219296218e-11
1.384000000000000000e+03 2.623457507843501760e-11
1.385000000000000000e+03 2.620059007154020681e-11
1.386000000000000000e+03 2.616666659432205140e-11
1.387000000000000000e+03 2.613280445148500531e-11
1.388000000000000000e+03 2.609900342951110512e-11
1.389000000000000000e+03 2.606526329649198461e-11
1.390000000000000000e+03 2.603158380199950820e-11
1.391000000000000000e+03 2.599796467694094325e-11
1.392000000000000000e+03 2.596440563341349264e-11
1.393000000000000000e+03 2.593090636456761280e-11
1.394000000000000000e+03 2.589746654445451205e-11
1.395000000000000000e+03 2.586408582788543289e-11
1.396000000000000000e+03 2.583076385028727996e-11
1.397000000000000000e+03 2.579750022755791510e-11
1.398000000000000000e+03 2.576429455591781739e-11
1.399000000000000000e+03 2.573114641175811130e-11
1.400000000000000000e+03 2.569805535151281903e-11
1.401000000000000000e+03 2.566502091148747898e-11
1.402000000000000000e+03 2.563204271730277932e-11
1.403000000000000000e+03 2.559912081497689071e-11
1.404000000000000000e+03 2.556625534644806090e-11
1.405000000000000000e+03 2.553344644050448879e-11
1.406000000000000000e+03 2.550069421267175031e-11
1.407000000000000000e+03 2.546799876511547221e-11
1.408000000000000000e+03 2.543536018652192081e-11
1.409000000000000000e+03 2.540277855199054926e-11
1.410000000000000000e+03 2.537025392291377851e-11
1.411000000000000000e+03 2.533778634688441123e-11
1.412000000000000000e+03 2.530537585756524423e-11
1.413000000000000000e+03 2.527302247458641403e-11
1.414000000000000000e+03 2.524072620342664482e-11
1.415000000000000000e+03 2.520848703530988308e-11
1.416000000000000000e+03 2.517630494708583149e-11
1.417000000000000000e+03 2.514417990110688958e-11
1.418000000000000000e+03 2.511211184513302475e-11
1.419000000000000000e+03 2.508010071220810555e-11
1.420000000000000000e+03 2.504814642053549501e-11
1.421000000000000000e+03 2.501624887337567407e-11
1.422000000000000000e+03 2.498440795893066578e-11
1.423000000000000000e+03 2.495262355021864951e-11
1.424000000000000000e+03 2.492089550496396861e-11
1.425000000000000000e+03 2.488922366547407431e-11
1.426000000000000000e+03 2.485760785853518470e-11
1.427000000000000000e+03 2.482604789527568680e-11
1.428000000000000000e+03 2.479454357107061333e-11
1.429000000000000000e+03 2.476309466539776507e-11
1.430000000000000000e+03 2.473170094174151870e-11
1.431000000000000000e+03 2.470036214745772502e-11
1.432000000000000000e+03 2.466907801366709954e-11
1.433000000000000000e+03 2.463784825511932254e-11
1.434000000000000000e+03 2.460667257009211980e-11
1.435000000000000000e+03 2.457555064025131398e-11
1.436000000000000000e+03 2.454448213054266431e-11
1.437000000000000000e+03 2.451346668906080688e-11
1.438000000000000000e+03 2.448250394693707802e-11
1.439000000000000000e+03 2.445159351821087800e-11
1.440000000000000000e+03 2.442073499970705765e-11
1.441000000000000000e+03 2.438992806519327357e-11
1.442000000000000000e+03 2.435917275018733972e-11
1.443000000000000000e+03 2.432846917268636044e-11
1.444000000000000000e+03 2.429781743930143468e-11
1.445000000000000000e+03 2.426721764517675703e-11
1.446000000000000000e+03 2.423666987389540318e-11
1.447000000000000000e+03 2.420617419738472758e-11
1.448000000000000000e+03 2.417573067582477259e-11
1.449000000000000000e+03 2.414533935754975320e-11
1.450000000000000000e+03 2.411500027896901604e-11
1.451000000000000000e+03 2.408471346445475284e-11
1.452000000000000000e+03 2.405447892626228094e-11
1.453000000000000000e+03 2.402429666442374081e-11
1.454000000000000000e+03 2.399416666666781760e-11
1.455000000000000000e+03 2.396408890830605869e-11
1.456000000000000000e+03 2.393406335215540308e-11
1.457000000000000000e+03 2.390408994843045725e-11
1.458000000000000000e+03 2.387416863465207881e-11
1.459000000000000000e+03 2.384429933555236701e-11
1.460000000000000000e+03 2.381448196297595363e-11
1.461000000000000000e+03 2.378471641578102240e-11
1.462000000000000000e+03 2.375500257974326237e-11
1.463000000000000000e+03 2.372534032745956596e-11
1.464000000000000000e+03 2.369572951825149441e-11
1.465000000000000000e+03 2.366616999806488519e-11
1.466000000000000000e+03 2.363666159936592132e-11
1.467000000000000000e+03 2.360720414105364080e-11
1.468000000000000000e+03 2.357779742835533708e-11
1.469000000000000000e+03 2.354844125271817253e-11
1.470000000000000000e+03 2.351913539172418566e-11
1.471000000000000000e+03 2.348987960897792054e-11
1.472000000000000000e+03 2.346067365402081038e-11
1.473000000000000000e+03 2.343151726220792117e-11
1.474000000000000000e+03 2.340241015462853266e-11
1.475000000000000000e+03 2.337335203799582927e-11
1.476000000000000000e+03 2.334434260453617422e-11
1.477000000000000000e+03 2.331538153190200677e-11
1.478000000000000000e+03 2.328646848306735899e-11
1.479000000000000000e+03 2.325760310620927484e-11
1.480000000000000000e+03 2.322878511602945490e-11
1.481000000000000000e+03 2.320001453961630647e-11
1.482000000000000000e+03 2.317129147522202929e-11
1.483000000000000000e+03 2.314261601121555927e-11
1.484000000000000000e+03 2.311398822601573168e-11
1.485000000000000000e+03 2.308540818800701854e-11
1.486000000000000000e+03 2.305687595545483960e-11
1.487000000000000000e+03 2.302839157644850623e-11
1.488000000000000000e+03 2.299995508879174599e-11
1.489000000000000000e+03 2.297156651994860636e-11
1.490000000000000000e+03 2.294322588695776394e-11
1.491000000000000000e+03 2.291493319635014250e-11
1.492000000000000000e+03 2.288668844406616899e-11
1.493000000000000000e+03 2.285849161539028416e-11
1.494000000000000000e+03 2.283034268484672425e-11
1.495000000000000000e+03 2.280224161615107274e-11
1.496000000000000000e+03 2.277418836210197727e-11
1.497000000000000000e+03 2.274618286450411196e-11
1.498000000000000000e+03 2.271822505410855258e-11
1.499000000000000000e+03 2.269031485050357250e-11
1.500000000000000000e+03 2.266245216205452999e-11
1.501000000000000000e+03 2.263463688580823510e-11
1.502000000000000000e+03 2.260686890741107497e-11
1.503000000000000000e+03 2.257914810104118501e-11
1.504000000000000000e+03 2.255147432930483805e-11
1.505000000000000000e+03 2.252384744317515222e-11
1.506000000000000000e+03 2.249626728188795020e-11
1.507000000000000000e+03 2.246873367287286085e-11
1.508000000000000000e+03 2.244124643166641686e-11
1.509000000000000000e+03 2.241380536182128128e-11
1.510000000000000000e+03 2.238641025483306150e-11
1.511000000000000000e+03 2.235906089004544513e-11
1.512000000000000000e+03 2.233175703457295563e-11
1.513000000000000000e+03 2.230449844320906410e-11
1.514000000000000000e+03 2.227728485834845376e-11
1.515000000000000000e+03 2.225011600989460183e-11
1.516000000000000000e+03 2.222299161517432473e-11
1.517000000000000000e+03 2.219591137886282448e-11
1.518000000000000000e+03 2.216887499287969985e-11
1.519000000000000000e+03 2.214188220684703419e-11
1.520000000000000000e+03 2.211493304106220150e-11
1.521000000000000000e+03 2.208802757745483068e-11
1.522000000000000000e+03 2.206116588934369091e-11
1.523000000000000000e+03 2.203434804137134440e-11
1.524000000000000000e+03 2.200757408946055784e-11
1.525000000000000000e+03 2.198084408071947390e-11
1.526000000000000000e+03 2.195415805339758006e-11
1.527000000000000000e+03 2.192751603680135549e-11
1.528000000000000000e+03 2.190091805124988771e-11
1.529000000000000000e+03 2.187436410797542025e-11
1.530000000000000000e+03 2.184785420909689581e-11
1.531000000000000000e+03 2.182138834751635511e-11
1.532000000000000000e+03 2.179496650686641089e-11
1.533000000000000000e+03 2.176858866145399970e-11
1.534000000000000000e+03 2.174225477617061658e-11
1.535000000000000000e+03 2.171596480643563706e-11
1.536000000000000000e+03 2.168971869812825249e-11
1.537000000000000000e+03 2.166351638751931162e-11
1.538000000000000000e+03 2.163735780119545264e-11
1.539000000000000000e+03 2.161124285600154304e-11
1.540000000000000000e+03 2.158517145895703098e-11
1.541000000000000000e+03 2.155914350720167449e-11
1.542000000000000000e+03 2.153315888791514982e-11
1.543000000000000000e+03 2.150721747825121630e-11
1.544000000000000000e+03 2.148131914526427821e-11
1.545000000000000000e+03 2.145546374585067755e-11
1.546000000000000000e+03 2.142965112665983677e-11
1.547000000000000000e+03 2.140388112403510241e-11
1.548000000000000000e+03 2.137815356394693738e-11
1.549000000000000000e+03 2.135246826190709123e-11
1.550000000000000000e+03 2.132682502290886547e-11
1.551000000000000000e+03 2.130122364135965308e-11
1.552000000000000000e+03 2.127566390098688551e-11
1.553000000000000000e+03 2.125014557479271548e-11
1.554000000000000000e+03 2.122466842497093051e-11
1.555000000000000000e+03 2.119923220282337220e-11
1.556000000000000000e+03 2.117383664870281223e-11
1.557000000000000000e+03 2.114848149193664180e-11
1.558000000000000000e+03 2.112316651205522963e-11
1.559000000000000000e+03 2.109789172388973668e-11
1.560000000000000000e+03 2.107265719581594638e-11
1.561000000000000000e+03 2.104746298867384580e-11
1.562000000000000000e+03 2.102230915574739209e-11
1.563000000000000000e+03 2.099719574268684794e-11
1.564000000000000000e+03 2.097212278745768706e-11
1.565000000000000000e+03 2.094709032028932187e-11
1.566000000000000000e+03 2.092209836360830544e-11
1.567000000000000000e+03 2.089714693200214559e-11
1.568000000000000000e+03 2.087223603212900972e-11
1.569000000000000000e+03 2.084736566269276719e-11
1.570000000000000000e+03 2.082253581437159656e-11
1.571000000000000000e+03 2.079774646976576981e-11
1.572000000000000000e+03 2.077299760332187804e-11
1.573000000000000000e+03 2.074828918131131514e-11
1.574000000000000000e+03 2.072362116173868684e-11
1.575000000000000000e+03 2.069899349429266141e-11
1.576000000000000000e+03 2.067440612030075901e-11
1.577000000000000000e+03 2.064985897265645963e-11
1.578000000000000000e+03 2.062535197576974678e-11
1.579000000000000000e+03 2.060088504550170524e-11
1.580000000000000000e+03 2.057645808910682203e-11
1.581000000000000000e+03 2.055207100517509340e-11
1.582000000000000000e+03 2.052772368358181246e-11
1.583000000000000000e+03 2.050341600540576869e-11
1.584000000000000000e+03 2.047914784289439010e-11
1.585000000000000000e+03 2.045491905938947466e-11
1.586000000000000000e+03 2.043072950926834736e-11
1.587000000000000000e+03 2.040657903788493658e-11
1.588000000000000000e+03 2.038246748151856314e-11
1.589000000000000000e+03 2.035839466729482827e-11
1.590000000000000000e+03 2.033436041314200569e-11
1.591000000000000000e+03 2.031036452771945814e-11
1.592000000000000000e+03 2.028640681036973524e-11
1.593000000000000000e+03 2.026248705103467929e-11
1.594000000000000000e+03 2.023860503021912302e-11
1.595000000000000000e+03 2.021476051890658178e-11
1.596000000000000000e+03 2.019095327852268958e-11
1.597000000000000000e+03 2.016718311431021074e-11
1.598000000000000000e+03 2.014345003673698019e-11
1.599000000000000000e+03 2.011975410292561920e-11
1.600000000000000000e+03 2.009609536342286347e-11
1.601000000000000000e+03 2.007247386213469414e-11
1.602000000000000000e+03 2.004888963629747366e-11
1.603000000000000000e+03 2.002534271640871791e-11
1.604000000000000000e+03 2.000183312620199965e-11
1.605000000000000000e+03 1.997836088257738780e-11
1.606000000000000000e+03 1.995492599558020252e-11
1.607000000000000000e+03 1.993152846831490433e-11
1.608000000000000000e+03 1.990816829693978858e-11
1.609000000000000000e+03 1.988484547057648673e-11
1.610000000000000000e+03 1.986155997129224007e-11
1.611000000000000000e+03 1.983831177403343130e-11
1.612000000000000000e+03 1.981510084659547963e-11
1.613000000000000000e+03 1.979192714954374167e-11
1.614000000000000000e+03 1.976879063619133260e-11
1.615000000000000000e+03 1.974569125253600526e-11
1.616000000000000000e+03 1.972262893721730793e-11
1.617000000000000000e+03 1.969960362145724709e-11
1.618000000000000000e+03 1.967661522902120959e-11
1.619000000000000000e+03 1.965366367615834102e-11
1.620000000000000000e+03 1.963074887156636145e-11
1.621000000000000000e+03 1.960787071631508355e-11
1.622000000000000000e+03 1.958502910381921899e-11
1.623000000000000000e+03 1.956222391978633398e-11
1.624000000000000000e+03 1.953945504214397976e-11
1.625000000000000000e+03 1.951672234101624401e-11
1.626000000000000000e+03 1.949402567865470711e-11
1.627000000000000000e+03 1.947136490939821079e-11
1.628000000000000000e+03 1.944873987960756576e-11
1.629000000000000000e+03 1.942615042762922692e-11
1.630000000000000000e+03 1.940359638373384927e-11
1.631000000000000000e+03 1.938107757006718704e-11
1.632000000000000000e+03 1.935859380059248506e-11
1.633000000000000000e+03 1.933614488105779545e-11
1.634000000000000000e+03 1.931373060890882313e-11
1.635000000000000000e+03 1.929135077328108055e-11
1.636000000000000000e+03 1.926900520164991125e-11
1.637000000000000000e+03 1.924669390095986160e-11
1.638000000000000000e+03 1.922441691893329465e-11
1.639000000000000000e+03 1.920217429750375997e-11
1.640000000000000000e+03 1.917996607278874192e-11
1.641000000000000000e+03 1.915779227503275865e-11
1.642000000000000000e+03 1.913565292857569017e-11
1.643000000000000000e+03 1.911354805181673779e-11
1.644000000000000000e+03 1.909147765716137796e-11
1.645000000000000000e+03 1.906944175098083363e-11
1.646000000000000000e+03 1.904744033359270339e-11
1.647000000000000000e+03 1.902547339918200769e-11
1.648000000000000000e+03 1.900354093579432264e-11
1.649000000000000000e+03 1.898164292527782561e-11
1.650000000000000000e+03 1.895977934323360952e-11
1.651000000000000000e+03 1.893795015899158471e-11
1.652000000000000000e+03 1.891615533556057669e-11
1.653000000000000000e+03 1.889439482958689925e-11
1.654000000000000000e+03 1.887266859129989304e-11
1.655000000000000000e+03 1.885097656449595062e-11
1.656000000000000000e+03 1.882931868646665839e-11
1.657000000000000000e+03 1.880769488797836263e-11
1.658000000000000000e+03 1.878610509322144331e-11
1.659000000000000000e+03 1.876454921975525487e-11
1.660000000000000000e+03 1.874302717848733363e-11
1.661000000000000000e+03 1.872153887361804774e-11
1.662000000000000000e+03 1.870008420259370642e-11
1.663000000000000000e+03 1.867866305607252598e-11
1.664000000000000000e+03 1.865727531787755161e-11
1.665000000000000000e+03 1.863592086494061590e-11
1.666000000000000000e+03 1.861459956728107771e-11
1.667000000000000000e+03 1.859331128794525703e-11
1.668000000000000000e+03 1.857205588297620091e-11
1.669000000000000000e+03 1.855083320134409040e-11
1.670000000000000000e+03 1.852964308493763918e-11
1.671000000000000000e+03 1.850848536848106531e-11
1.672000000000000000e+03 1.848735987952973557e-11
1.673000000000000000e+03 1.846626643838238421e-11
1.674000000000000000e+03 1.844520485808097719e-11
1.675000000000000000e+03 1.842417498533279436e-11
1.676000000000000000e+03 1.840317682427679548e-11
1.677000000000000000e+03 1.838221041479559717e-11
1.678000000000000000e+03 1.836127579168625151e-11
1.679000000000000000e+03 1.834037298461999202e-11
1.680000000000000000e+03 1.831950201808855096e-11
1.681000000000000000e+03 1.829866291140797858e-11
1.682000000000000000e+03 1.827785567863817072e-11
1.683000000000000000e+03 1.825708032858651678e-11
1.684000000000000000e+03 1.823633686474492742e-11
1.685000000000000000e+03 1.821562528528003435e-11
1.686000000000000000e+03 1.819494558296548112e-11
1.687000000000000000e+03 1.817429774517193552e-11
1.688000000000000000e+03 1.815368175382594060e-11
1.689000000000000000e+03 1.813309758537301145e-11
1.690000000000000000e+03 1.811254521072720621e-11
1.691000000000000000e+03 1.809202459525649210e-11
1.692000000000000000e+03 1.807153569874551264e-11
1.693000000000000000e+03 1.805107847533142295e-11
1.694000000000000000e+03 1.803065287351138606e-11
1.695000000000000000e+03 1.801025883606013278e-11
1.696000000000000000e+03 1.798989630002383213e-11
1.697000000000000000e+03 1.796956519668698150e-11
1.698000000000000000e+03 1.794926545150294609e-11
1.699000000000000000e+03 1.792899698408767108e-11
1.700000000000000000e+03 1.790875970817719810e-11
1.701000000000000000e+03 1.788855353158047720e-11
1.702000000000000000e+03 1.786837835614107096e-11
1.703000000000000000e+03 1.784823407772162223e-11
1.704000000000000000e+03 1.782812058613810620e-11
1.705000000000000000e+03 1.780803776513947723e-11
1.706000000000000000e+03 1.778798549236906927e-11
1.707000000000000000e+03 1.776796363931669364e-11
1.708000000000000000e+03 1.774797207129349086e-11
1.709000000000000000e+03 1.772801064738841640e-11
1.710000000000000000e+03 1.770807922041999926e-11
1.711000000000000000e+03 1.768817763692008269e-11
1.712000000000000000e+03 1.766830573708083292e-11
1.713000000000000000e+03 1.764846335471531241e-11
1.714000000000000000e+03 1.762865035327502394e-11
1.715000000000000000e+03 1.760886673467400530e-11
1.716000000000000000e+03 1.758911253223430657e-11
1.717000000000000000e+03 1.756938777477733660e-11
1.718000000000000000e+03 1.754969248660984939e-11
1.719000000000000000e+03 1.753002668747747658e-11
1.720000000000000000e+03 1.751039039253202794e-11
1.721000000000000000e+03 1.749078361231725809e-11
1.722000000000000000e+03 1.747120635272208877e-11
1.723000000000000000e+03 1.745165861495690816e-11
1.724000000000000000e+03 1.743214039553459098e-11
1.725000000000000000e+03 1.741265168620463424e-11
1.726000000000000000e+03 1.739319247397132936e-11
1.727000000000000000e+03 1.737376274102773956e-11
1.728000000000000000e+03 1.735436246472699092e-11
1.729000000000000000e+03 1.733499161757218140e-11
1.730000000000000000e+03 1.731565016716407134e-11
1.731000000000000000e+03 1.729633807618149936e-11
1.732000000000000000e+03 1.727705530234292164e-11
1.733000000000000000e+03 1.725780179838670181e-11
1.734000000000000000e+03 1.723857751202303750e-11
1.735000000000000000e+03 1.721938238591883199e-11
1.736000000000000000e+03 1.720021635765410567e-11
1.737000000000000000e+03 1.718107935969728082e-11
1.738000000000000000e+03 1.716197131937088587e-11
1.739000000000000000e+03 1.714289215881717897e-11
1.740000000000000000e+03 1.712384179496840826e-11
1.741000000000000000e+03 1.710482013952178965e-11
1.742000000000000000e+03 1.708582709889530115e-11
1.743000000000000000e+03 1.706686257420731350e-11
1.744000000000000000e+03 1.704792646122258435e-11
1.745000000000000000e+03 1.702901865035558962e-11
1.746000000000000000e+03 1.701013902661165469e-11
1.747000000000000000e+03 1.699128746954698483e-11
1.748000000000000000e+03 1.697246385326705601e-11
1.749000000000000000e+03 1.695366804636734878e-11
1.750000000000000000e+03 1.693489991191719554e-11
1.751000000000000000e+03 1.691615930741471220e-11
1.752000000000000000e+03 1.689744608475119060e-11
1.753000000000000000e+03 1.687876012199915508e-11
1.754000000000000000e+03 1.686010141934123808e-11
1.755000000000000000e+03 1.684147000464921602e-11
1.756000000000000000e+03 1.682286590183338751e-11
1.757000000000000000e+03 1.680428913078375628e-11
1.758000000000000000e+03 1.678573970737410569e-11
1.759000000000000000e+03 1.676721764340297165e-11
1.760000000000000000e+03 1.674872294660247663e-11
1.761000000000000000e+03 1.673025562058884748e-11
1.762000000000000000e+03 1.671181566483223623e-11
1.763000000000000000e+03 1.669340307465567970e-11
1.764000000000000000e+03 1.667501784118537814e-11
1.765000000000000000e+03 1.665665995133490452e-11
1.766000000000000000e+03 1.663832938776984899e-11
1.767000000000000000e+03 1.662002612890181539e-11
1.768000000000000000e+03 1.660175014882835693e-11
1.769000000000000000e+03 1.658350141733663064e-11
1.770000000000000000e+03 1.656527989986283970e-11
1.771000000000000000e+03 1.654708555747121463e-11
1.772000000000000000e+03 1.652891834680831802e-11
1.773000000000000000e+03 1.651077822011146824e-11
1.774000000000000000e+03 1.649266512514315622e-11
1.775000000000000000e+03 1.647457900519445119e-11
1.776000000000000000e+03 1.645651979903400302e-11
1.777000000000000000e+03 1.643848744089650689e-11
1.778000000000000000e+03 1.642048186045135775e-11
1.779000000000000000e+03 1.640250298277120124e-11
1.780000000000000000e+03 1.638455072830529267e-11
1.781000000000000000e+03 1.636662501286786157e-11
1.782000000000000000e+03 1.634872574756654119e-11
1.783000000000000000e+03 1.633085283884036061e-11
1.784000000000000000e+03 1.631300618836308421e-11
1.785000000000000000e+03 1.629518569306615296e-11
1.786000000000000000e+03 1.627739124508673042e-11
1.787000000000000000e+03 1.625962273175064854e-11
1.788000000000000000e+03 1.624188003552515827e-11
1.789000000000000000e+03 1.622416303402185693e-11
1.790000000000000000e+03 1.620647159993420706e-11
1.791000000000000000e+03 1.618880560104034102e-11
1.792000000000000000e+03 1.617116492818182812e-11
1.793000000000000000e+03 1.615354957989370241e-11
1.794000000000000000e+03 1.613595957909730022e-11
1.795000000000000000e+03 1.611839494519976829e-11
1.796000000000000000e+03 1.610085569403111404e-11
1.797000000000000000e+03 1.608334183786726643e-11
1.798000000000000000e+03 1.606585338536184655e-11
1.799000000000000000e+03 1.604839034155900499e-11
1.800000000000000000e+03 1.603095270786063194e-11
1.801000000000000000e+03 1.601354048198314992e-11
1.802000000000000000e+03 1.599615365796525568e-11
1.803000000000000000e+03 1.597879222612461918e-11
1.804000000000000000e+03 1.596145617305025809e-11
1.805000000000000000e+03 1.594414548156418695e-11
1.806000000000000000e+03 1.592686013069831751e-11
1.807000000000000000e+03 1.590960009569691441e-11
1.808000000000000000e+03 1.589236534795754224e-11
1.809000000000000000e+03 1.587515585503341463e-11
1.810000000000000000e+03 1.585797158059469124e-11
1.811000000000000000e+03 1.584081248442047408e-11
1.812000000000000000e+03 1.582367852235996567e-11
1.813000000000000000e+03 1.580656964631405771e-11
1.814000000000000000e+03 1.578948580422726613e-11
1.815000000000000000e+03 1.577242694002795111e-11
1.816000000000000000e+03 1.575539299365111626e-11
1.817000000000000000e+03 1.573838390097329074e-11
1.818000000000000000e+03 1.572139959380937566e-11
1.819000000000000000e+03 1.570443999988879477e-11
1.820000000000000000e+03 1.568750504282635897e-11
1.821000000000000000e+03 1.567059464209824899e-11
1.822000000000000000e+03 1.565370871302314530e-11
1.823000000000000000e+03 1.563684716673290204e-11
1.824000000000000000e+03 1.562000991014310773e-11
1.825000000000000000e+03 1.560319684594973456e-11
1.826000000000000000e+03 1.558640787258393105e-11
1.827000000000000000e+03 1.556964288418761374e-11
1.828000000000000000e+03 1.555290177060471070e-11
1.829000000000000000e+03 1.553618441734621964e-11
1.830000000000000000e+03 1.551949070556560573e-11
1.831000000000000000e+03 1.550282053715708343e-11
1.832000000000000000e+03 1.548617391054599166e-11
1.833000000000000000e+03 1.546955084605073940e-11
1.834000000000000000e+03 1.545295136086811430e-11
1.835000000000000000e+03 1.543637546904232486e-11
1.836000000000000000e+03 1.541982318144986877e-11
1.837000000000000000e+03 1.540329450578436908e-11
1.838000000000000000e+03 1.538678944652014587e-11
1.839000000000000000e+03 1.537030800491812938e-11
1.840000000000000000e+03 1.535385017898404207e-11
1.841000000000000000e+03 1.533741596346361976e-11
1.842000000000000000e+03 1.532100534980059990e-11
1.843000000000000000e+03 1.530461832614786589e-11
1.844000000000000000e+03 1.528825487733066336e-11
1.845000000000000000e+03 1.527191498482567515e-11
1.846000000000000000e+03 1.525559862673472917e-11
1.847000000000000000e+03 1.523930577777981598e-11
1.848000000000000000e+03 1.522303640928742728e-11
1.849000000000000000e+03 1.520679048913530613e-11
1.850000000000000000e+03 1.519056798177416373e-11
1.851000000000000000e+03 1.517436884817424865e-11
1.852000000000000000e+03 1.515819304582023839e-11
1.853000000000000000e+03 1.514204052870064760e-11
1.854000000000000000e+03 1.512591124725417116e-11
1.855000000000000000e+03 1.510980514839134277e-11
1.856000000000000000e+03 1.509372217543533012e-11
1.857000000000000000e+03 1.507766226813818775e-11
1.858000000000000000e+03 1.506162536262684789e-11
1.859000000000000000e+03 1.504561139139225732e-11
1.860000000000000000e+03 1.502962028329483479e-11
1.861000000000000000e+03 1.501365196349929827e-11
1.862000000000000000e+03 1.499770635348545378e-11
1.863000000000000000e+03 1.498178337102088233e-11
1.864000000000000000e+03 1.496588293013363648e-11
1.865000000000000000e+03 1.495000494109022309e-11
1.866000000000000000e+03 1.493414931038997791e-11
1.867000000000000000e+03 1.491831594072664039e-11
1.868000000000000000e+03 1.490250473097164531e-11
1.869000000000000000e+03 1.488671557616292029e-11
1.870000000000000000e+03 1.487094838866372644e-11
1.871000000000000000e+03 1.485520316213979572e-11
1.872000000000000000e+03 1.483947990856623157e-11
1.873000000000000000e+03 1.482377863706743068e-11
1.874000000000000000e+03 1.480809935392025279e-11
1.875000000000000000e+03 1.479244206255728741e-11
1.876000000000000000e+03 1.477680676349830125e-11
1.877000000000000000e+03 1.476119345437541548e-11
1.878000000000000000e+03 1.474560212991421955e-11
1.879000000000000000e+03 1.473003278188149078e-11
1.880000000000000000e+03 1.471448539911042986e-11
1.881000000000000000e+03 1.469895996745384109e-11
1.882000000000000000e+03 1.468345646977603829e-11
1.883000000000000000e+03 1.466797488595033422e-11
1.884000000000000000e+03 1.465251519280640150e-11
1.885000000000000000e+03 1.463707736414992458e-11
1.886000000000000000e+03 1.462166137071538911e-11
1.887000000000000000e+03 1.460626718017458312e-11
1.888000000000000000e+03 1.459089475710041433e-11
1.889000000000000000e+03 1.457554406294179102e-11
1.890000000000000000e+03 1.456021505604329987e-11
1.891000000000000000e+03 1.454490769158639213e-11
1.892000000000000000e+03 1.452962192158094864e-11
1.893000000000000000e+03 1.451435769487370512e-11
1.894000000000000000e+03 1.449911495709479237e-11
1.895000000000000000e+03 1.448389365066046987e-11
1.896000000000000000e+03 1.446869371474767706e-11
1.897000000000000000e+03 1.445351508527979350e-11
1.898000000000000000e+03 1.443835769491241208e-11
1.899000000000000000e+03 1.442322147299072624e-11
1.900000000000000000e+03 1.440810634557480748e-11
1.901000000000000000e+03 1.439301223537992716e-11
1.902000000000000000e+03 1.437793906177342390e-11
1.903000000000000000e+03 1.436288674076591317e-11
1.904000000000000000e+03 1.434785518497976229e-11
1.905000000000000000e+03 1.433284430364020155e-11
1.906000000000000000e+03 1.431785400253794109e-11
1.907000000000000000e+03 1.430288418404305685e-11
1.908000000000000000e+03 1.428793474705034987e-11
1.909000000000000000e+03 1.427300561025226500e-11
1.910000000000000000e+03 1.425809678225686860e-11
1.911000000000000000e+03 1.424320829250562700e-11
1.912000000000000000e+03 1.422834016807487101e-11
1.913000000000000000e+03 1.421349243368194639e-11
1.914000000000000000e+03 1.419866511163965919e-11
1.915000000000000000e+03 1.418385822188545324e-11
1.916000000000000000e+03 1.416907178191268471e-11
1.917000000000000000e+03 1.415430580682282166e-11
1.918000000000000000e+03 1.413956030923930912e-11
1.919000000000000000e+03 1.412483529935978637e-11
1.920000000000000000e+03 1.411013078488127404e-11
1.921000000000000000e+03 1.409544677103511435e-11
1.922000000000000000e+03 1.408078326054672685e-11
1.923000000000000000e+03 1.406614025362421372e-11
1.924000000000000000e+03 1.405151774794114402e-11
1.925000000000000000e+03 1.403691573863091533e-11
1.926000000000000000e+03 1.402233421827532505e-11
1.927000000000000000e+03 1.400777317686391904e-11
1.928000000000000000e+03 1.399323260181160796e-11
1.929000000000000000e+03 1.397871247792375281e-11
1.930000000000000000e+03 1.396421278738457793e-11
1.931000000000000000e+03 1.394973350975135171e-11
1.932000000000000000e+03 1.393527462191932181e-11
1.933000000000000000e+03 1.392083609813930735e-11
1.934000000000000000e+03 1.390641790996489664e-11
1.935000000000000000e+03 1.389202002626417151e-11
1.936000000000000000e+03 1.387764241320200856e-11
1.937000000000000000e+03 1.386328503419883805e-11
1.938000000000000000e+03 1.384894784995997488e-11
1.939000000000000000e+03 1.383463081841657700e-11
1.940000000000000000e+03 1.382033389474317448e-11
1.941000000000000000e+03 1.380605703132212177e-11
1.942000000000000000e+03 1.379180017773152281e-11
1.943000000000000000e+03 1.377756328075099702e-11
1.944000000000000000e+03 1.376334628430218376e-11
1.945000000000000000e+03 1.374914912947812010e-11
1.946000000000000000e+03 1.373497175451333793e-11
1.947000000000000000e+03 1.372081409474789134e-11
1.948000000000000000e+03 1.370667608574603912e-11
1.949000000000000000e+03 1.369255767265484021e-11
1.950000000000000000e+03 1.367845880095123062e-11
1.951000000000000000e+03 1.366437941330558551e-11
1.952000000000000000e+03 1.365031944961164479e-11
1.953000000000000000e+03 1.363627884693881284e-11
1.954000000000000000e+03 1.362225753950818970e-11
1.955000000000000000e+03 1.360825545872259675e-11
1.956000000000000000e+03 1.359427253309460715e-11
1.957000000000000000e+03 1.358030868828253949e-11
1.958000000000000000e+03 1.356636384703635663e-11
1.959000000000000000e+03 1.355243792920359654e-11
1.960000000000000000e+03 1.353853085170521764e-11
1.961000000000000000e+03 1.352464252852342859e-11
1.962000000000000000e+03 1.351077287069556196e-11
1.963000000000000000e+03 1.349692178627768800e-11
1.964000000000000000e+03 1.348308918033836880e-11
1.965000000000000000e+03 1.346927495495243014e-11
1.966000000000000000e+03 1.345547900917047704e-11
1.967000000000000000e+03 1.344170123902472760e-11
1.968000000000000000e+03 1.342794153748019968e-11
1.969000000000000000e+03 1.341419979445266006e-11
1.970000000000000000e+03 1.340047589676574029e-11
1.971000000000000000e+03 1.338676972815671727e-11
1.972000000000000000e+03 1.337308116924571532e-11
1.973000000000000000e+03 1.335941009753534426e-11
1.974000000000000000e+03 1.334575638736755842e-11
1.975000000000000000e+03 1.333211990994158963e-11
1.976000000000000000e+03 1.331850053326456844e-11
1.977000000000000000e+03 1.330489812216945712e-11
1.978000000000000000e+03 1.329131253827783138e-11
1.979000000000000000e+03 1.327774363997478061e-11
1.980000000000000000e+03 1.326419128241453983e-11
1.981000000000000000e+03 1.325065531750156951e-11
1.982000000000000000e+03 1.323713559385297869e-11
1.983000000000000000e+03 1.322363195681651935e-11
1.984000000000000000e+03 1.321014424841440758e-11
1.985000000000000000e+03 1.319667230736743626e-11
1.986000000000000000e+03 1.318321596903867345e-11
1.987000000000000000e+03 1.316977530918567850e-11
1.988000000000000000e+03 1.315635137902606834e-11
1.989000000000000000e+03 1.314294548093846943e-11
1.990000000000000000e+03 1.312955892575650578e-11
1.991000000000000000e+03 1.311619303276796367e-11
1.992000000000000000e+03 1.310284912975748037e-11
1.993000000000000000e+03 1.308952855304312420e-11
1.994000000000000000e+03 1.307623264749434050e-11
1.995000000000000000e+03 1.306296276654988142e-11
1.996000000000000000e+03 1.304972027226702960e-11
1.997000000000000000e+03 1.303650653533968310e-11
1.998000000000000000e+03 1.302332293513520530e-11
1.999000000000000000e+03 1.301017085969376087e-11
2.000000000000000000e+03 1.299705170579661961e-11
