2.000000000000000000e+00 3.941756223309828099e-08
3.000000000000000000e+00 2.838651236081880168e-08
4.000000000000000000e+00 2.099832013399893135e-08
5.000000000000000000e+00 1.614485428361381827e-08
6.000000000000000000e+00 1.267487653928057855e-08
7.000000000000000000e+00 1.011573788509924476e-08
8.000000000000000000e+00 8.190566154610888564e-09
9.000000000000000000e+00 6.717520081183977242e-09
1.000000000000000000e+01 5.573352638003425641e-09
1.100000000000000000e+01 4.672003241245008519e-09
1.200000000000000000e+01 3.952470088829012404e-09
1.300000000000000000e+01 3.371276700684661681e-09
1.400000000000000000e+01 2.897028905111206840e-09
1.500000000000000000e+01 2.506423506200629825e-09
1.600000000000000000e+01 2.181711226569387323e-09
1.700000000000000000e+01 1.909276907581478091e-09
1.800000000000000000e+01 1.677862241207690813e-09
1.900000000000000000e+01 1.482264985998497973e-09
2.000000000000000000e+01 1.313602497991130944e-09
2.100000000000000000e+01 1.168217164399953889e-09
2.200000000000000000e+01 1.041645509062370998e-09
2.300000000000000000e+01 9.314669360753219597e-10
2.400000000000000000e+01 8.345001882063022496e-10
2.500000000000000000e+01 7.492334916493856745e-10
2.600000000000000000e+01 6.737863398460842683e-10
2.700000000000000000e+01 6.069072438439945765e-10
2.800000000000000000e+01 5.470765561109604259e-10
2.900000000000000000e+01 4.938162693144918381e-10
3.000000000000000000e+01 4.464201358139788376e-10
3.100000000000000000e+01 4.037494723057222133e-10
3.200000000000000000e+01 3.654619825817521094e-10
3.300000000000000000e+01 3.311600960937036666e-10
3.400000000000000000e+01 3.002115133160643977e-10
3.500000000000000000e+01 2.723692996353906721e-10
3.600000000000000000e+01 2.473234028319003157e-10
3.700000000000000000e+01 2.246413841718161763e-10
3.800000000000000000e+01 2.042012847749871650e-10
3.900000000000000000e+01 1.858762594037298748e-10
4.000000000000000000e+01 1.694042387472850289e-10
4.100000000000000000e+01 1.544642639304043400e-10
4.200000000000000000e+01 1.409625059673528706e-10
4.300000000000000000e+01 1.288203598863216559e-10
4.400000000000000000e+01 1.178896947387395057e-10
4.500000000000000000e+01 1.079945641856740960e-10
4.600000000000000000e+01 9.908360027784168868e-11
4.700000000000000000e+01 9.111423429621049261e-11
4.800000000000000000e+01 8.400719551936963843e-11
4.900000000000000000e+01 7.764395761163938735e-11
5.000000000000000000e+01 7.189531448846146206e-11
5.100000000000000000e+01 6.672217656675950111e-11
5.200000000000000000e+01 6.209772044336385784e-11
5.300000000000000000e+01 5.797758783572390136e-11
5.400000000000000000e+01 5.429879688710136180e-11
5.500000000000000000e+01 5.099388077358614643e-11
5.600000000000000000e+01 4.803991067569516514e-11
5.700000000000000000e+01 4.541974423072827109e-11
5.800000000000000000e+01 4.310738058382912993e-11
5.900000000000000000e+01 4.106746496472994647e-11
6.000000000000000000e+01 3.925479326424481235e-11
6.100000000000000000e+01 3.762346885272409233e-11
6.200000000000000000e+01 3.615789561805980314e-11
6.300000000000000000e+01 3.484789416991365798e-11
6.400000000000000000e+01 3.367947805384852351e-11
6.500000000000000000e+01 3.263466458623296734e-11
6.600000000000000000e+01 3.169128568902015147e-11
6.700000000000000000e+01 3.082279872489117644e-11
6.800000000000000000e+01 3.000346892697401945e-11
6.900000000000000000e+01 2.922555892355355828e-11
7.000000000000000000e+01 2.848529844264927415e-11
7.100000000000000000e+01 2.777777004000341922e-11
7.200000000000000000e+01 2.709685731496209196e-11
7.300000000000000000e+01 2.643519312634373668e-11
7.400000000000000000e+01 2.578410780828880859e-11
7.500000000000000000e+01 2.513357738615344743e-11
7.600000000000000000e+01 2.447448556786205748e-11
7.700000000000000000e+01 2.380600039699891237e-11
7.800000000000000000e+01 2.312945493632899759e-11
7.900000000000000000e+01 2.244614855937779063e-11
8.000000000000000000e+01 2.175734261213050528e-11
8.100000000000000000e+01 2.106425607473462518e-11
8.200000000000000000e+01 2.036806122322741763e-11
8.300000000000000000e+01 1.966987929121956160e-11
8.400000000000000000e+01 1.897096694816859400e-11
8.500000000000000000e+01 1.827332075671860768e-11
8.600000000000000000e+01 1.757916543344843937e-11
8.700000000000000000e+01 1.689077082717636470e-11
8.800000000000000000e+01 1.621045078768200751e-11
8.900000000000000000e+01 1.554056203439998933e-11
9.000000000000000000e+01 1.488350302513868833e-11
9.100000000000000000e+01 1.424171282479271040e-11
9.200000000000000000e+01 1.361766997403969709e-11
9.300000000000000000e+01 1.301363216063046174e-11
9.400000000000000000e+01 1.243081290270491946e-11
9.500000000000000000e+01 1.187007837076536772e-11
9.600000000000000000e+01 1.133219092547835125e-11
9.700000000000000000e+01 1.081780442842352884e-11
9.800000000000000000e+01 1.032745955283308092e-11
9.900000000000000000e+01 9.861579094353147299e-12
1.000000000000000000e+02 9.420463281786373822e-12
1.010000000000000000e+02 9.004285087834489734e-12
1.020000000000000000e+02 8.613085539856574007e-12
1.030000000000000000e+02 8.246769030611637554e-12
1.040000000000000000e+02 7.905134243358404386e-12
1.050000000000000000e+02 7.587981784776863229e-12
1.060000000000000000e+02 7.295012417274544063e-12
1.070000000000000000e+02 7.025788496954585171e-12
1.080000000000000000e+02 6.779729675728478382e-12
1.090000000000000000e+02 6.556108603447673870e-12
1.100000000000000000e+02 6.354046630000632386e-12
1.110000000000000000e+02 6.172509507434997455e-12
1.120000000000000000e+02 6.010303092076638981e-12
1.130000000000000000e+02 5.866069046636117085e-12
1.140000000000000000e+02 5.738280542327728138e-12
1.150000000000000000e+02 5.625237960988537866e-12
1.160000000000000000e+02 5.525288355575935686e-12
1.170000000000000000e+02 5.437523290739496074e-12
1.180000000000000000e+02 5.361158170634603093e-12
1.190000000000000000e+02 5.295313777966577991e-12
1.200000000000000000e+02 5.239013954496274078e-12
1.210000000000000000e+02 5.191183281583371332e-12
1.220000000000000000e+02 5.150644760695115204e-12
1.230000000000000000e+02 5.116117493949606378e-12
1.240000000000000000e+02 5.086214364637111270e-12
1.250000000000000000e+02 5.059439717738210827e-12
1.260000000000000000e+02 5.034187040467111282e-12
1.270000000000000000e+02 5.008736642786648215e-12
1.280000000000000000e+02 4.981253337939029657e-12
1.290000000000000000e+02 4.950133182612530098e-12
1.300000000000000000e+02 4.915091630662240661e-12
1.310000000000000000e+02 4.876190923532300658e-12
1.320000000000000000e+02 4.833501907555102430e-12
1.330000000000000000e+02 4.787104212224105859e-12
1.340000000000000000e+02 4.737086428454086840e-12
1.350000000000000000e+02 4.683546286866528334e-12
1.360000000000000000e+02 4.626590836043576934e-12
1.370000000000000000e+02 4.566336620810294027e-12
1.380000000000000000e+02 4.502909860501181630e-12
1.390000000000000000e+02 4.436446627223580448e-12
1.400000000000000000e+02 4.367093024146190325e-12
1.410000000000000000e+02 4.295005363746754287e-12
1.420000000000000000e+02 4.220350346100588688e-12
1.430000000000000000e+02 4.143305237137683704e-12
1.440000000000000000e+02 4.064067067043787913e-12
1.450000000000000000e+02 3.982880871133181243e-12
1.460000000000000000e+02 3.900014584985945160e-12
1.470000000000000000e+02 3.815750502404127404e-12
1.480000000000000000e+02 3.730385505530261437e-12
1.490000000000000000e+02 3.644231294947038442e-12
1.500000000000000000e+02 3.557614619802110999e-12
1.510000000000000000e+02 3.470877507892057947e-12
1.520000000000000000e+02 3.384377495806030247e-12
1.530000000000000000e+02 3.298487859006579581e-12
1.540000000000000000e+02 3.213597841957602734e-12
1.550000000000000000e+02 3.130112888226206345e-12
1.560000000000000000e+02 3.048454870595889266e-12
1.570000000000000000e+02 2.969062321176270379e-12
1.580000000000000000e+02 2.892390661512805111e-12
1.590000000000000000e+02 2.818912432697143335e-12
1.600000000000000000e+02 2.749117525476848709e-12
1.610000000000000000e+02 2.683415110326524270e-12
1.620000000000000000e+02 2.621829198496939610e-12
1.630000000000000000e+02 2.564276473059369296e-12
1.640000000000000000e+02 2.510661947165109104e-12
1.650000000000000000e+02 2.460878741890578553e-12
1.660000000000000000e+02 2.414807864079285966e-12
1.670000000000000000e+02 2.372317984187239170e-12
1.680000000000000000e+02 2.333265214127429666e-12
1.690000000000000000e+02 2.297492885111466896e-12
1.700000000000000000e+02 2.264831325496579494e-12
1.710000000000000000e+02 2.235097638626937747e-12
1.720000000000000000e+02 2.208095480679706899e-12
1.730000000000000000e+02 2.183614838507315133e-12
1.740000000000000000e+02 2.161431807482878415e-12
1.750000000000000000e+02 2.141308369343411978e-12
1.760000000000000000e+02 2.122992170033681584e-12
1.770000000000000000e+02 2.106216297551302009e-12
1.780000000000000000e+02 2.090699059788702115e-12
1.790000000000000000e+02 2.076143762379168045e-12
1.800000000000000000e+02 2.062285130424353697e-12
1.810000000000000000e+02 2.049033164116073842e-12
1.820000000000000000e+02 2.036340317951480880e-12
1.830000000000000000e+02 2.024155834433238532e-12
1.840000000000000000e+02 2.012425693715761141e-12
1.850000000000000000e+02 2.001092563248311863e-12
1.860000000000000000e+02 1.990095747420609060e-12
1.870000000000000000e+02 1.979371137207501308e-12
1.880000000000000000e+02 1.968851159812684768e-12
1.890000000000000000e+02 1.958464728314320882e-12
1.900000000000000000e+02 1.948137191309385440e-12
1.910000000000000000e+02 1.937790282558651354e-12
1.920000000000000000e+02 1.927342070630732778e-12
1.930000000000000000e+02 1.916706908547374446e-12
1.940000000000000000e+02 1.905795383427181960e-12
1.950000000000000000e+02 1.894514266131545244e-12
1.960000000000000000e+02 1.882766460908679027e-12
1.970000000000000000e+02 1.870450955038287757e-12
1.980000000000000000e+02 1.857462768476237777e-12
1.990000000000000000e+02 1.843692903498593773e-12
2.000000000000000000e+02 1.829028294347860093e-12
2.010000000000000000e+02 1.813380969261562587e-12
2.020000000000000000e+02 1.796777962635973446e-12
2.030000000000000000e+02 1.779277735754287394e-12
2.040000000000000000e+02 1.760941577409428356e-12
2.050000000000000000e+02 1.741833639885338410e-12
2.060000000000000000e+02 1.722020974940465740e-12
2.070000000000000000e+02 1.701573569789053181e-12
2.080000000000000000e+02 1.680564383083998727e-12
2.090000000000000000e+02 1.659069380899714016e-12
2.100000000000000000e+02 1.637167572714043356e-12
2.110000000000000000e+02 1.614941047391437252e-12
2.120000000000000000e+02 1.592475009164239330e-12
2.130000000000000000e+02 1.569857813616177331e-12
2.140000000000000000e+02 1.547181003664279704e-12
2.150000000000000000e+02 1.524539345541105438e-12
2.160000000000000000e+02 1.502030864777918795e-12
2.170000000000000000e+02 1.479756882186607121e-12
2.180000000000000000e+02 1.457822049842227732e-12
2.190000000000000000e+02 1.436334387065235918e-12
2.200000000000000000e+02 1.415405316404347062e-12
2.210000000000000000e+02 1.395149699618768688e-12
2.220000000000000000e+02 1.375685873660743909e-12
2.230000000000000000e+02 1.357135686657156215e-12
2.240000000000000000e+02 1.339599108807114113e-12
2.250000000000000000e+02 1.323076177022761202e-12
2.260000000000000000e+02 1.307540100798774105e-12
2.270000000000000000e+02 1.292962211750676188e-12
2.280000000000000000e+02 1.279311939063288595e-12
2.290000000000000000e+02 1.266556784935101309e-12
2.300000000000000000e+02 1.254662300027667881e-12
2.310000000000000000e+02 1.243592058909346421e-12
2.320000000000000000e+02 1.233307635503440024e-12
2.330000000000000000e+02 1.223768578534135559e-12
2.340000000000000000e+02 1.214932386973387175e-12
2.350000000000000000e+02 1.206754485487170129e-12
2.360000000000000000e+02 1.199188199881421189e-12
2.370000000000000000e+02 1.192184732550491885e-12
2.380000000000000000e+02 1.185693137920575462e-12
2.390000000000000000e+02 1.179660297899731087e-12
2.400000000000000000e+02 1.174030897321310398e-12
2.410000000000000000e+02 1.168747399392726198e-12
2.420000000000000000e+02 1.163750021140762173e-12
2.430000000000000000e+02 1.158976708858143579e-12
2.440000000000000000e+02 1.154363113550732757e-12
2.450000000000000000e+02 1.149842566383469533e-12
2.460000000000000000e+02 1.145346054126625860e-12
2.470000000000000000e+02 1.140802194603943823e-12
2.480000000000000000e+02 1.136137212136378844e-12
2.490000000000000000e+02 1.131274912991493407e-12
2.500000000000000000e+02 1.126151714174607341e-12
2.510000000000000000e+02 1.120762742332527804e-12
2.520000000000000000e+02 1.115118348085964501e-12
2.530000000000000000e+02 1.109229296332737880e-12
2.540000000000000000e+02 1.103106770480132953e-12
2.550000000000000000e+02 1.096762376679137285e-12
2.560000000000000000e+02 1.090208148058681014e-12
2.570000000000000000e+02 1.083456548958931138e-12
2.580000000000000000e+02 1.076520479165216692e-12
2.590000000000000000e+02 1.069413278141954535e-12
2.600000000000000000e+02 1.062148729265627989e-12
2.610000000000000000e+02 1.054741064060286409e-12
2.620000000000000000e+02 1.047204966429265892e-12
2.630000000000000000e+02 1.039555576891317103e-12
2.640000000000000000e+02 1.031808496811698735e-12
2.650000000000000000e+02 1.023979792638617746e-12
2.660000000000000000e+02 1.016086000134638668e-12
2.670000000000000000e+02 1.008144128613123040e-12
2.680000000000000000e+02 1.000171665169010044e-12
2.690000000000000000e+02 9.921865789149425204e-13
2.700000000000000000e+02 9.842073252145610527e-13
2.710000000000000000e+02 9.762528499151730267e-13
2.720000000000000000e+02 9.683425935829327146e-13
2.730000000000000000e+02 9.604964957358241614e-13
2.740000000000000000e+02 9.527349990782132090e-13
2.750000000000000000e+02 9.450790537335157473e-13
2.760000000000000000e+02 9.375501214787499402e-13
2.770000000000000000e+02 9.301701799784609991e-13
2.780000000000000000e+02 9.229617270183315225e-13
2.790000000000000000e+02 9.159434392718111766e-13
2.800000000000000000e+02 9.091168909316023801e-13
2.810000000000000000e+02 9.024791552359538398e-13
2.820000000000000000e+02 8.960270855270217728e-13
2.830000000000000000e+02 8.897573128098537602e-13
2.840000000000000000e+02 8.836662433107416114e-13
2.850000000000000000e+02 8.777500560358897744e-13
2.860000000000000000e+02 8.720047003310278535e-13
2.870000000000000000e+02 8.664258934388201740e-13
2.880000000000000000e+02 8.610091180587915221e-13
2.890000000000000000e+02 8.557496199050542732e-13
2.900000000000000000e+02 8.506424052665454353e-13
2.910000000000000000e+02 8.456822385634969516e-13
2.920000000000000000e+02 8.408636399083034290e-13
2.930000000000000000e+02 8.361808826632477511e-13
2.940000000000000000e+02 8.316279909985407220e-13
2.950000000000000000e+02 8.271987374531889964e-13
2.960000000000000000e+02 8.228866404914646753e-13
2.970000000000000000e+02 8.186849620625144918e-13
2.980000000000000000e+02 8.145867051602871673e-13
2.990000000000000000e+02 8.105846113796858466e-13
3.000000000000000000e+02 8.066711584774383511e-13
3.010000000000000000e+02 8.028385579304494381e-13
3.020000000000000000e+02 7.990787524935269187e-13
3.030000000000000000e+02 7.953834137593074997e-13
3.040000000000000000e+02 7.917439397166094462e-13
3.050000000000000000e+02 7.881514523081610230e-13
3.060000000000000000e+02 7.845967949908360230e-13
3.070000000000000000e+02 7.810705302943262160e-13
3.080000000000000000e+02 7.775629373779210361e-13
3.090000000000000000e+02 7.740640095920057927e-13
3.100000000000000000e+02 7.705634520345297518e-13
3.110000000000000000e+02 7.670506791109317746e-13
3.120000000000000000e+02 7.635169267330662730e-13
3.130000000000000000e+02 7.599617022429711117e-13
3.140000000000000000e+02 7.563866289939332844e-13
3.150000000000000000e+02 7.527933588488784830e-13
3.160000000000000000e+02 7.491835723371376763e-13
3.170000000000000000e+02 7.455589788121540624e-13
3.180000000000000000e+02 7.419213166076212846e-13
3.190000000000000000e+02 7.382723531955034035e-13
3.200000000000000000e+02 7.346138853437458876e-13
3.210000000000000000e+02 7.309477392720959631e-13
3.220000000000000000e+02 7.272757708098123932e-13
3.230000000000000000e+02 7.235998655543141144e-13
3.240000000000000000e+02 7.199219390257487093e-13
3.250000000000000000e+02 7.162439368265836367e-13
3.260000000000000000e+02 7.125678347974298135e-13
3.270000000000000000e+02 7.088956391747492728e-13
3.280000000000000000e+02 7.052293867485643372e-13
3.290000000000000000e+02 7.015711450179645444e-13
3.300000000000000000e+02 6.979230123500727476e-13
3.310000000000000000e+02 6.942871181371241086e-13
3.320000000000000000e+02 6.906656229522890726e-13
3.330000000000000000e+02 6.870607187080096924e-13
3.340000000000000000e+02 6.834746288133937621e-13
3.350000000000000000e+02 6.799096083303518217e-13
3.360000000000000000e+02 6.763679441322469054e-13
3.370000000000000000e+02 6.728519550594042941e-13
3.380000000000000000e+02 6.693639920777613648e-13
3.390000000000000000e+02 6.659064384356337654e-13
3.400000000000000000e+02 6.624817098204798734e-13
3.410000000000000000e+02 6.590922545162954344e-13
3.420000000000000000e+02 6.557405535616351492e-13
3.430000000000000000e+02 6.524291209057502850e-13
3.440000000000000000e+02 6.491605035659820007e-13
3.450000000000000000e+02 6.459372817857838436e-13
3.460000000000000000e+02 6.427620691908586527e-13
3.470000000000000000e+02 6.396375129468664199e-13
3.480000000000000000e+02 6.365662939171327555e-13
3.490000000000000000e+02 6.335505518551796913e-13
3.500000000000000000e+02 6.305901343149089623e-13
3.510000000000000000e+02 6.276842753125722384e-13
3.520000000000000000e+02 6.248321633223219469e-13
3.530000000000000000e+02 6.220329408668638016e-13
3.540000000000000000e+02 6.192857041115620427e-13
3.550000000000000000e+02 6.165895024557188131e-13
3.560000000000000000e+02 6.139433381257374101e-13
3.570000000000000000e+02 6.113461657664012579e-13
3.580000000000000000e+02 6.087968920340375634e-13
3.590000000000000000e+02 6.062943751884248527e-13
3.600000000000000000e+02 6.038374246862704549e-13
3.610000000000000000e+02 6.014248007721750407e-13
3.620000000000000000e+02 5.990552140711685215e-13
3.630000000000000000e+02 5.967273251821876341e-13
3.640000000000000000e+02 5.944397442690407822e-13
3.650000000000000000e+02 5.921910306541996505e-13
3.660000000000000000e+02 5.899796924100787835e-13
3.670000000000000000e+02 5.878041859509417078e-13
3.680000000000000000e+02 5.856629156273224241e-13
3.690000000000000000e+02 5.835542333166748050e-13
3.700000000000000000e+02 5.814764380155947676e-13
3.710000000000000000e+02 5.794277754336117867e-13
3.720000000000000000e+02 5.774064375841537363e-13
3.730000000000000000e+02 5.754105623780245753e-13
3.740000000000000000e+02 5.734382332143694921e-13
3.750000000000000000e+02 5.714874785747807502e-13
3.760000000000000000e+02 5.695562716145764590e-13
3.770000000000000000e+02 5.676425297543934750e-13
3.780000000000000000e+02 5.657441142752365481e-13
3.790000000000000000e+02 5.638588299075573701e-13
3.800000000000000000e+02 5.619844244259900947e-13
3.810000000000000000e+02 5.601185882409427249e-13
3.820000000000000000e+02 5.582589539905060630e-13
3.830000000000000000e+02 5.564030961336157506e-13
3.840000000000000000e+02 5.545485305416468866e-13
3.850000000000000000e+02 5.526927140922046317e-13
3.860000000000000000e+02 5.508330442588328298e-13
3.870000000000000000e+02 5.489668587063769831e-13
3.880000000000000000e+02 5.470920001964676010e-13
3.890000000000000000e+02 5.452085354361119935e-13
3.900000000000000000e+02 5.433170997247738198e-13
3.910000000000000000e+02 5.414183374866728994e-13
3.920000000000000000e+02 5.395129023122533963e-13
3.930000000000000000e+02 5.376014569990258619e-13
3.940000000000000000e+02 5.356846735961765234e-13
3.950000000000000000e+02 5.337632334435233310e-13
3.960000000000000000e+02 5.318378272148706426e-13
3.970000000000000000e+02 5.299091549594775080e-13
3.980000000000000000e+02 5.279779261438413976e-13
3.990000000000000000e+02 5.260448596931665875e-13
4.000000000000000000e+02 5.241106840340904822e-13
4.010000000000000000e+02 5.221761371358378695e-13
4.020000000000000000e+02 5.202419665523186778e-13
4.030000000000000000e+02 5.183089294635971704e-13
4.040000000000000000e+02 5.163777927179884910e-13
4.050000000000000000e+02 5.144493328738428970e-13
4.060000000000000000e+02 5.125243362413280738e-13
4.070000000000000000e+02 5.106035989242126610e-13
4.080000000000000000e+02 5.086879268625916660e-13
4.090000000000000000e+02 5.067781358727856093e-13
4.100000000000000000e+02 5.048750516903790596e-13
4.110000000000000000e+02 5.029795100129470561e-13
4.120000000000000000e+02 5.010923565396391146e-13
4.130000000000000000e+02 4.992144470151612641e-13
4.140000000000000000e+02 4.973466472699887180e-13
4.150000000000000000e+02 4.954898332630913880e-13
4.160000000000000000e+02 4.936448911240308346e-13
4.170000000000000000e+02 4.918127171934879768e-13
4.180000000000000000e+02 4.899942180663016267e-13
4.190000000000000000e+02 4.881903106332525205e-13
4.200000000000000000e+02 4.864019221215890092e-13
4.210000000000000000e+02 4.846299901386962775e-13
4.220000000000000000e+02 4.828754627126220349e-13
4.230000000000000000e+02 4.811392983338603444e-13
4.240000000000000000e+02 4.794224659983907628e-13
4.250000000000000000e+02 4.777259452482051422e-13
4.260000000000000000e+02 4.760507262137196193e-13
4.270000000000000000e+02 4.743976022805969335e-13
4.280000000000000000e+02 4.727665402356052681e-13
4.290000000000000000e+02 4.711572887742661124e-13
4.300000000000000000e+02 4.695695838457165397e-13
4.310000000000000000e+02 4.680031485581486898e-13
4.320000000000000000e+02 4.664576930845604553e-13
4.330000000000000000e+02 4.649329145681942573e-13
4.340000000000000000e+02 4.634284970295460717e-13
4.350000000000000000e+02 4.619441112692898469e-13
4.360000000000000000e+02 4.604794147768572845e-13
4.370000000000000000e+02 4.590340516346193858e-13
4.380000000000000000e+02 4.576076524230100876e-13
4.390000000000000000e+02 4.561998341278496211e-13
4.400000000000000000e+02 4.548102000445255532e-13
4.410000000000000000e+02 4.534383396840594712e-13
4.420000000000000000e+02 4.520838286798016759e-13
4.430000000000000000e+02 4.507462286906698817e-13
4.440000000000000000e+02 4.494250873100430776e-13
4.450000000000000000e+02 4.481199379686867018e-13
4.460000000000000000e+02 4.468302998411326497e-13
4.470000000000000000e+02 4.455556777530026825e-13
4.480000000000000000e+02 4.442955620836187651e-13
4.490000000000000000e+02 4.430494286745829979e-13
4.500000000000000000e+02 4.418167387339587597e-13
4.510000000000000000e+02 4.405969387417090801e-13
4.520000000000000000e+02 4.393894603563909286e-13
4.530000000000000000e+02 4.381937203196512458e-13
4.540000000000000000e+02 4.370091203632356156e-13
4.550000000000000000e+02 4.358350471128552269e-13
4.560000000000000000e+02 4.346708719961387965e-13
4.570000000000000000e+02 4.335159511458711177e-13
4.580000000000000000e+02 4.323696253073160658e-13
4.590000000000000000e+02 4.312312197439689492e-13
4.600000000000000000e+02 4.301000441414238753e-13
4.610000000000000000e+02 4.289753925146966040e-13
4.620000000000000000e+02 4.278565431142906770e-13
4.630000000000000000e+02 4.267427583294371270e-13
4.640000000000000000e+02 4.256332845966731986e-13
4.650000000000000000e+02 4.245273523030818559e-13
4.660000000000000000e+02 4.234243145827979619e-13
4.670000000000000000e+02 4.223240686564186177e-13
4.680000000000000000e+02 4.212266474512905294e-13
4.690000000000000000e+02 4.201320818822562261e-13
4.700000000000000000e+02 4.190404008331186307e-13
4.710000000000000000e+02 4.179516311406187268e-13
4.720000000000000000e+02 4.168657975759004828e-13
4.730000000000000000e+02 4.157829228262894021e-13
4.740000000000000000e+02 4.147030274776996376e-13
4.750000000000000000e+02 4.136261299976695186e-13
4.760000000000000000e+02 4.125522467171401013e-13
4.770000000000000000e+02 4.114813918119198399e-13
4.780000000000000000e+02 4.104135772860343969e-13
4.790000000000000000e+02 4.093488129538191718e-13
4.800000000000000000e+02 4.082871064210698422e-13
4.810000000000000000e+02 4.072284630693348685e-13
4.820000000000000000e+02 4.061728860354943715e-13
4.830000000000000000e+02 4.051203761969952312e-13
4.840000000000000000e+02 4.040709321511161869e-13
4.850000000000000000e+02 4.030245501992603925e-13
4.860000000000000000e+02 4.019812243290476427e-13
4.870000000000000000e+02 4.009409461957797518e-13
4.880000000000000000e+02 3.999037051042185479e-13
4.890000000000000000e+02 3.988694879925642472e-13
4.900000000000000000e+02 3.978382794136058939e-13
4.910000000000000000e+02 3.968100615171280203e-13
4.920000000000000000e+02 3.957848140313757725e-13
4.930000000000000000e+02 3.947625142473467591e-13
4.940000000000000000e+02 3.937431369986845646e-13
4.950000000000000000e+02 3.927266546453429917e-13
4.960000000000000000e+02 3.917130370553643094e-13
4.970000000000000000e+02 3.907022515879150824e-13
4.980000000000000000e+02 3.896942630734938157e-13
4.990000000000000000e+02 3.886890337991656995e-13
5.000000000000000000e+02 3.876865234878279620e-13
5.010000000000000000e+02 3.866866892825018695e-13
5.020000000000000000e+02 3.856894857274834182e-13
5.030000000000000000e+02 3.846948647513783067e-13
5.040000000000000000e+02 3.837027756485672639e-13
5.050000000000000000e+02 3.827131868309641272e-13
5.060000000000000000e+02 3.817261518074316226e-13
5.070000000000000000e+02 3.807417450695301839e-13
5.080000000000000000e+02 3.797600404867841606e-13
5.090000000000000000e+02 3.787811113013422008e-13
5.100000000000000000e+02 3.778050301179240085e-13
5.110000000000000000e+02 3.768318688965941247e-13
5.120000000000000000e+02 3.758616989471075243e-13
5.130000000000000000e+02 3.748945909197990676e-13
5.140000000000000000e+02 3.739306147977290206e-13
5.150000000000000000e+02 3.729698398904004405e-13
5.160000000000000000e+02 3.720123348255906663e-13
5.170000000000000000e+02 3.710581675414974951e-13
5.180000000000000000e+02 3.701074052804559114e-13
5.190000000000000000e+02 3.691601145791991263e-13
5.200000000000000000e+02 3.682163612638322833e-13
5.210000000000000000e+02 3.672762104404073254e-13
5.220000000000000000e+02 3.663397264886399766e-13
5.230000000000000000e+02 3.654069730531134251e-13
5.240000000000000000e+02 3.644780130369949016e-13
5.250000000000000000e+02 3.635529085938674216e-13
5.260000000000000000e+02 3.626317211205046780e-13
5.270000000000000000e+02 3.617145112490167634e-13
5.280000000000000000e+02 3.608013388386815092e-13
5.290000000000000000e+02 3.598922629706045658e-13
5.300000000000000000e+02 3.589873419373518269e-13
5.310000000000000000e+02 3.580866332382369132e-13
5.320000000000000000e+02 3.571901935686401221e-13
5.330000000000000000e+02 3.562980788159238190e-13
5.340000000000000000e+02 3.554103440490657204e-13
5.350000000000000000e+02 3.545270435126895006e-13
5.360000000000000000e+02 3.536482306188968380e-13
5.370000000000000000e+02 3.527739579400416004e-13
5.380000000000000000e+02 3.519042772011902534e-13
5.390000000000000000e+02 3.510392392719535529e-13
5.400000000000000000e+02 3.501788941605175058e-13
5.410000000000000000e+02 3.493232910035903287e-13
5.420000000000000000e+02 3.484724780616898812e-13
5.430000000000000000e+02 3.476265027094052599e-13
5.440000000000000000e+02 3.467854085256531333e-13
5.450000000000000000e+02 3.459492264865369236e-13
5.460000000000000000e+02 3.451179835221031230e-13
5.470000000000000000e+02 3.442917053890132424e-13
5.480000000000000000e+02 3.434704166617474944e-13
5.490000000000000000e+02 3.426541407250648487e-13
5.500000000000000000e+02 3.418428997636361625e-13
5.510000000000000000e+02 3.410367147551321939e-13
5.520000000000000000e+02 3.402356054601705102e-13
5.530000000000000000e+02 3.394395904135197265e-13
5.540000000000000000e+02 3.386486869171871152e-13
5.550000000000000000e+02 3.378629110291093950e-13
5.560000000000000000e+02 3.370822775565551782e-13
5.570000000000000000e+02 3.363068000463860596e-13
5.580000000000000000e+02 3.355364907768887638e-13
5.590000000000000000e+02 3.347713607483499102e-13
5.600000000000000000e+02 3.340114196752023417e-13
5.610000000000000000e+02 3.332566759762860115e-13
5.620000000000000000e+02 3.325071367673081898e-13
5.630000000000000000e+02 3.317628078517331676e-13
5.640000000000000000e+02 3.310236937110427909e-13
5.650000000000000000e+02 3.302897974975109996e-13
5.660000000000000000e+02 3.295611210254076625e-13
5.670000000000000000e+02 3.288376647603168701e-13
5.680000000000000000e+02 3.281194278131679466e-13
5.690000000000000000e+02 3.274064079298679238e-13
5.700000000000000000e+02 3.266986014828199109e-13
5.710000000000000000e+02 3.259960034624402018e-13
5.720000000000000000e+02 3.252986074680481810e-13
5.730000000000000000e+02 3.246064057003254701e-13
5.740000000000000000e+02 3.239193889509502695e-13
5.750000000000000000e+02 3.232375465950559501e-13
5.760000000000000000e+02 3.225608665821215140e-13
5.770000000000000000e+02 3.218893354271747228e-13
5.780000000000000000e+02 3.212229382023096089e-13
5.790000000000000000e+02 3.205616585282046429e-13
5.800000000000000000e+02 3.199054785643835203e-13
5.810000000000000000e+02 3.192543790019893464e-13
5.820000000000000000e+02 3.186083390537319491e-13
5.830000000000000000e+02 3.179673326720382619e-13
5.840000000000000000e+02 3.173313171123986999e-13
5.850000000000000000e+02 3.167002440677995126e-13
5.860000000000000000e+02 3.160740634043912460e-13
5.870000000000000000e+02 3.154527231542620702e-13
5.880000000000000000e+02 3.148361695035009122e-13
5.890000000000000000e+02 3.142243467830857473e-13
5.900000000000000000e+02 3.136171974583600171e-13
5.910000000000000000e+02 3.130146621191677541e-13
5.920000000000000000e+02 3.124166794698946983e-13
5.930000000000000000e+02 3.118231863193837015e-13
5.940000000000000000e+02 3.112341175707877799e-13
5.950000000000000000e+02 3.106494062116736331e-13
5.960000000000000000e+02 3.100689833039374016e-13
5.970000000000000000e+02 3.094927779736885168e-13
5.980000000000000000e+02 3.089207174013541283e-13
5.990000000000000000e+02 3.083527268115311977e-13
6.000000000000000000e+02 3.077887294629651629e-13
6.010000000000000000e+02 3.072286466385912063e-13
6.020000000000000000e+02 3.066723976353548448e-13
6.030000000000000000e+02 3.061198997542854084e-13
6.040000000000000000e+02 3.055710682904736447e-13
6.050000000000000000e+02 3.050258165228619656e-13
6.060000000000000000e+02 3.044840557044737297e-13
6.070000000000000000e+02 3.039456950521718839e-13
6.080000000000000000e+02 3.034106417366061743e-13
6.090000000000000000e+02 3.028788008723162617e-13
6.100000000000000000e+02 3.023500755076795887e-13
6.110000000000000000e+02 3.018243666147318176e-13
6.120000000000000000e+02 3.013015730792086544e-13
6.130000000000000000e+02 3.007815916905865113e-13
6.140000000000000000e+02 3.002643171319354076e-13
6.150000000000000000e+02 2.997496419698657774e-13
6.160000000000000000e+02 2.992374566446325938e-13
6.170000000000000000e+02 2.987276494599562619e-13
6.180000000000000000e+02 2.982201065730014340e-13
6.190000000000000000e+02 2.977147119844804282e-13
6.200000000000000000e+02 2.972113475283809214e-13
6.210000000000000000e+02 2.967098928621006693e-13
6.220000000000000000e+02 2.962102409687625044e-13
6.230000000000000000e+02 2.957123450829950938e-13
6.240000000000000000e+02 2.952161728446662492e-13
6.250000000000000000e+02 2.947216908805115644e-13
6.260000000000000000e+02 2.942288647992022299e-13
6.270000000000000000e+02 2.937376591858468365e-13
6.280000000000000000e+02 2.932480375969966865e-13
6.290000000000000000e+02 2.927599625551480518e-13
6.300000000000000000e+02 2.922733955438093824e-13
6.310000000000000000e+02 2.917882970019726158e-13
6.320000000000000000e+02 2.913046263191489828e-13
6.330000000000000000e+02 2.908223418298404679e-13
6.340000000000000000e+02 2.903414008086068163e-13
6.350000000000000000e+02 2.898617594646310017e-13
6.360000000000000000e+02 2.893833729365353119e-13
6.370000000000000000e+02 2.889061952871980402e-13
6.380000000000000000e+02 2.884301794984125064e-13
6.390000000000000000e+02 2.879552774657665033e-13
6.400000000000000000e+02 2.874814399933327204e-13
6.410000000000000000e+02 2.870086167884540828e-13
6.420000000000000000e+02 2.865367564565594838e-13
6.430000000000000000e+02 2.860658064958552682e-13
6.440000000000000000e+02 2.855957132920784113e-13
6.450000000000000000e+02 2.851264221133754106e-13
6.460000000000000000e+02 2.846578771049307617e-13
6.470000000000000000e+02 2.841900212838457486e-13
6.480000000000000000e+02 2.837227965338292207e-13
6.490000000000000000e+02 2.832561436000142341e-13
6.500000000000000000e+02 2.827900020836168192e-13
6.510000000000000000e+02 2.823243104369099905e-13
6.520000000000000000e+02 2.818590059577884062e-13
6.530000000000000000e+02 2.813940247845849086e-13
6.540000000000000000e+02 2.809293018909183663e-13
6.550000000000000000e+02 2.804647710803213923e-13
6.560000000000000000e+02 2.800003649812137984e-13
6.570000000000000000e+02 2.795360150413735004e-13
6.580000000000000000e+02 2.790716515230357356e-13
6.590000000000000000e+02 2.786072034973007079e-13
6.600000000000000000e+02 2.781425988392958132e-13
6.610000000000000000e+02 2.776777862925545738e-13
6.620000000000000000e+02 2.772128022082571334e-13
6.630000000000000000e+02 2.767477052674900709e-13
6.640000000000000000e+02 2.762825545453898968e-13
6.650000000000000000e+02 2.758174095118972292e-13
6.660000000000000000e+02 2.753523300326047749e-13
6.670000000000000000e+02 2.748873763696056142e-13
6.680000000000000000e+02 2.744226091822472250e-13
6.690000000000000000e+02 2.739580895280112211e-13
6.700000000000000000e+02 2.734938788632671745e-13
6.710000000000000000e+02 2.730300390441521517e-13
6.720000000000000000e+02 2.725666323273565954e-13
6.730000000000000000e+02 2.721037213709719528e-13
6.740000000000000000e+02 2.716413692352453562e-13
6.750000000000000000e+02 2.711796393834268474e-13
6.760000000000000000e+02 2.707185956826501253e-13
6.770000000000000000e+02 2.702583024046857623e-13
6.780000000000000000e+02 2.697988242267268850e-13
6.790000000000000000e+02 2.693402262322690632e-13
6.800000000000000000e+02 2.688825739119264339e-13
6.810000000000000000e+02 2.684259331642492891e-13
6.820000000000000000e+02 2.679703702965088982e-13
6.830000000000000000e+02 2.675159520254518859e-13
6.840000000000000000e+02 2.670627454783680846e-13
6.850000000000000000e+02 2.666108181935619330e-13
6.860000000000000000e+02 2.661602381214519333e-13
6.870000000000000000e+02 2.657110736252620215e-13
6.880000000000000000e+02 2.652633934818696496e-13
6.890000000000000000e+02 2.648172668825908099e-13
6.900000000000000000e+02 2.643727634339975719e-13
6.910000000000000000e+02 2.639299531588288198e-13
6.920000000000000000e+02 2.634889064966810165e-13
6.930000000000000000e+02 2.630496943049513531e-13
6.940000000000000000e+02 2.626123878594970601e-13
6.950000000000000000e+02 2.621770588555779004e-13
6.960000000000000000e+02 2.617437794087046556e-13
6.970000000000000000e+02 2.613126220553299913e-13
6.980000000000000000e+02 2.608836597537282454e-13
6.990000000000000000e+02 2.604569658848435102e-13
7.000000000000000000e+02 2.600325950625310953e-13
7.010000000000000000e+02 2.596105251243625879e-13
7.020000000000000000e+02 2.591907139340722708e-13
7.030000000000000000e+02 2.587731184588150568e-13
7.040000000000000000e+02 2.583576947653654169e-13
7.050000000000000000e+02 2.579443980160648308e-13
7.060000000000000000e+02 2.575331824651145196e-13
7.070000000000000000e+02 2.571240014546485089e-13
7.080000000000000000e+02 2.567168074108067418e-13
7.090000000000000000e+02 2.563115518399335021e-13
7.100000000000000000e+02 2.559081853246193265e-13
7.110000000000000000e+02 2.555066575199309309e-13
7.120000000000000000e+02 2.551069171494526686e-13
7.130000000000000000e+02 2.547089120014540548e-13
7.140000000000000000e+02 2.543125889249626782e-13
7.150000000000000000e+02 2.539178938259626233e-13
7.160000000000000000e+02 2.535247716634679375e-13
7.170000000000000000e+02 2.531331664456896001e-13
7.180000000000000000e+02 2.527430212260456277e-13
7.190000000000000000e+02 2.523542780994858158e-13
7.200000000000000000e+02 2.519668781984699366e-13
7.210000000000000000e+02 2.515807616890409529e-13
7.220000000000000000e+02 2.511958677671812639e-13
7.230000000000000000e+02 2.508121346546335849e-13
7.240000000000000000e+02 2.504294995953200994e-13
7.250000000000000000e+02 2.500478988512581540e-13
7.260000000000000000e+02 2.496672676987590847e-13
7.270000000000000000e+02 2.492875404245951352e-13
7.280000000000000000e+02 2.489086503220101183e-13
7.290000000000000000e+02 2.485305296869805433e-13
7.300000000000000000e+02 2.481531098142574778e-13
7.310000000000000000e+02 2.477763209935020127e-13
7.320000000000000000e+02 2.474000925053900822e-13
7.330000000000000000e+02 2.470243526177796341e-13
7.340000000000000000e+02 2.466490285818776497e-13
7.350000000000000000e+02 2.462740466282505019e-13
7.360000000000000000e+02 2.458993319629915299e-13
7.370000000000000000e+02 2.455248087638560498e-13
7.380000000000000000e+02 2.451504001764922408e-13
7.390000000000000000e+02 2.447760491612328861e-13
7.400000000000000000e+02 2.444017814937147189e-13
7.410000000000000000e+02 2.440276440001300712e-13
7.420000000000000000e+02 2.436536838196685124e-13
7.430000000000000000e+02 2.432799484053329230e-13
7.440000000000000000e+02 2.429064855244113971e-13
7.450000000000000000e+02 2.425333432593879293e-13
7.460000000000000000e+02 2.421605700086020786e-13
7.470000000000000000e+02 2.417882144867834248e-13
7.480000000000000000e+02 2.414163257260565652e-13
7.490000000000000000e+02 2.410449530762867486e-13
7.500000000000000000e+02 2.406741462061166284e-13
7.510000000000000000e+02 2.403039551033749048e-13
7.520000000000000000e+02 2.399344300759867085e-13
7.530000000000000000e+02 2.395656217526026190e-13
7.540000000000000000e+02 2.391975810832583294e-13
7.550000000000000000e+02 2.388303593400966623e-13
7.560000000000000000e+02 2.384640081181535528e-13
7.570000000000000000e+02 2.380985793359233528e-13
7.580000000000000000e+02 2.377341252361439050e-13
7.590000000000000000e+02 2.373706983864569145e-13
7.600000000000000000e+02 2.370083516801613676e-13
7.610000000000000000e+02 2.366471383368421971e-13
7.620000000000000000e+02 2.362871119031239538e-13
7.630000000000000000e+02 2.359283262533623282e-13
7.640000000000000000e+02 2.355708355903035625e-13
7.650000000000000000e+02 2.352146944458700805e-13
7.660000000000000000e+02 2.348599576817256399e-13
7.670000000000000000e+02 2.345066804901555749e-13
7.680000000000000000e+02 2.341549183946002433e-13
7.690000000000000000e+02 2.338047272504407058e-13
7.700000000000000000e+02 2.334561632457212986e-13
7.710000000000000000e+02 2.331092829017151381e-13
7.720000000000000000e+02 2.327641430738350607e-13
7.730000000000000000e+02 2.324208009521364228e-13
7.740000000000000000e+02 2.320793140621650832e-13
7.750000000000000000e+02 2.317397402654921110e-13
7.760000000000000000e+02 2.314021377606238159e-13
7.770000000000000000e+02 2.310665650835051552e-13
7.780000000000000000e+02 2.307330618659560319e-13
7.790000000000000000e+02 2.304015907130648641e-13
7.800000000000000000e+02 2.300720942371386939e-13
7.810000000000000000e+02 2.297445141983592348e-13
7.820000000000000000e+02 2.294187915014834391e-13
7.830000000000000000e+02 2.290948661929227689e-13
7.840000000000000000e+02 2.287726774575380225e-13
7.850000000000000000e+02 2.284521636154983301e-13
7.860000000000000000e+02 2.281332621193274062e-13
7.870000000000000000e+02 2.278159095506369336e-13
7.880000000000000000e+02 2.275000416169844985e-13
7.890000000000000000e+02 2.271855931489838099e-13
7.900000000000000000e+02 2.268724980969738140e-13
7.910000000000000000e+02 2.265606895280351332e-13
7.920000000000000000e+02 2.262500996227849939e-13
7.930000000000000000e+02 2.259406596723616070e-13
7.940000000000000000e+02 2.256323000753136576e-13
7.950000000000000000e+02 2.253249503343649153e-13
7.960000000000000000e+02 2.250185390533980590e-13
7.970000000000000000e+02 2.247129939344386283e-13
7.980000000000000000e+02 2.244082417743565248e-13
7.990000000000000000e+02 2.241042084618186862e-13
8.000000000000000000e+02 2.238008189742730631e-13
8.010000000000000000e+02 2.234979973747756817e-13
8.020000000000000000e+02 2.231956668087862275e-13
8.030000000000000000e+02 2.228937495012147014e-13
8.040000000000000000e+02 2.225921667532802895e-13
8.050000000000000000e+02 2.222908389392750896e-13
8.060000000000000000e+02 2.219896855035798689e-13
8.070000000000000000e+02 2.216886249575537564e-13
8.080000000000000000e+02 2.213875748763612547e-13
8.090000000000000000e+02 2.210864518958621338e-13
8.100000000000000000e+02 2.207851717095953825e-13
8.110000000000000000e+02 2.204836490655435155e-13
8.120000000000000000e+02 2.201817977631478264e-13
8.130000000000000000e+02 2.198795306500728468e-13
8.140000000000000000e+02 2.195767596191587931e-13
8.150000000000000000e+02 2.192733956053742917e-13
8.160000000000000000e+02 2.189693485825805602e-13
8.170000000000000000e+02 2.186645564567903105e-13
8.180000000000000000e+02 2.183590723176208015e-13
8.190000000000000000e+02 2.180529787391645325e-13
8.200000000000000000e+02 2.177463590269711282e-13
8.210000000000000000e+02 2.174392972201833718e-13
8.220000000000000000e+02 2.171318780935480561e-13
8.230000000000000000e+02 2.168241871595207903e-13
8.240000000000000000e+02 2.165163106704022102e-13
8.250000000000000000e+02 2.162083356203486520e-13
8.260000000000000000e+02 2.159003497473827255e-13
8.270000000000000000e+02 2.155924415357181688e-13
8.280000000000000000e+02 2.152847002175190464e-13
8.290000000000000000e+02 2.149772157752875617e-13
8.300000000000000000e+02 2.146700789436230270e-13
8.310000000000000000e+02 2.143633812116724575e-13
8.320000000000000000e+02 2.140572148248272907e-13
8.330000000000000000e+02 2.137516727870790135e-13
8.340000000000000000e+02 2.134468488629990641e-13
8.350000000000000000e+02 2.131428375797801522e-13
8.360000000000000000e+02 2.128397342294045022e-13
8.370000000000000000e+02 2.125376348706227968e-13
8.380000000000000000e+02 2.122366363311533695e-13
8.390000000000000000e+02 2.119368362095671400e-13
8.400000000000000000e+02 2.116383328776437718e-13
8.410000000000000000e+02 2.113412254822253566e-13
8.420000000000000000e+02 2.110456139473210693e-13
8.430000000000000000e+02 2.107515989763064370e-13
8.440000000000000000e+02 2.104592820539025091e-13
8.450000000000000000e+02 2.101687654482805881e-13
8.460000000000000000e+02 2.098801522131046098e-13
8.470000000000000000e+02 2.095935461897298565e-13
8.480000000000000000e+02 2.093090520091510771e-13
8.490000000000000000e+02 2.090267750940755633e-13
8.500000000000000000e+02 2.087468216611226199e-13
8.510000000000000000e+02 2.084692987228341380e-13
8.520000000000000000e+02 2.081943140897164189e-13
8.530000000000000000e+02 2.079219763723765616e-13
8.540000000000000000e+02 2.076523949835960431e-13
8.550000000000000000e+02 2.073856801403725177e-13
8.560000000000000000e+02 2.071219123785018884e-13
8.570000000000000000e+02 2.068610505222915670e-13
8.580000000000000000e+02 2.066030221496428716e-13
8.590000000000000000e+02 2.063477539344637707e-13
8.600000000000000000e+02 2.060951716437158428e-13
8.610000000000000000e+02 2.058452001345241671e-13
8.620000000000000000e+02 2.055977633513495671e-13
8.630000000000000000e+02 2.053527843229414359e-13
8.640000000000000000e+02 2.051101851595418621e-13
8.650000000000000000e+02 2.048698870499008830e-13
8.660000000000000000e+02 2.046318102584491566e-13
8.670000000000000000e+02 2.043958741222506359e-13
8.680000000000000000e+02 2.041619970483006765e-13
8.690000000000000000e+02 2.039300965104161321e-13
8.700000000000000000e+02 2.037000890464703023e-13
8.710000000000000000e+02 2.034718902553775908e-13
8.720000000000000000e+02 2.032454147942969748e-13
8.730000000000000000e+02 2.030205763755848555e-13
8.740000000000000000e+02 2.027972877640305116e-13
8.750000000000000000e+02 2.025754607738087481e-13
8.760000000000000000e+02 2.023550062657778271e-13
8.770000000000000000e+02 2.021358341442757835e-13
8.780000000000000000e+02 2.019178533544804043e-13
8.790000000000000000e+02 2.017009718793629884e-13
8.800000000000000000e+02 2.014850967367973044e-13
8.810000000000000000e+02 2.012701339767010103e-13
8.820000000000000000e+02 2.010559886780826894e-13
8.830000000000000000e+02 2.008425649460884550e-13
8.840000000000000000e+02 2.006297659092062029e-13
8.850000000000000000e+02 2.004174937163124439e-13
8.860000000000000000e+02 2.002056495336876837e-13
8.870000000000000000e+02 1.999941335422204215e-13
8.880000000000000000e+02 1.997828449344227572e-13
8.890000000000000000e+02 1.995716819115714839e-13
8.900000000000000000e+02 1.993605416807550463e-13
8.910000000000000000e+02 1.991493204519830794e-13
8.920000000000000000e+02 1.989379134353592063e-13
8.930000000000000000e+02 1.987262148379707554e-13
8.940000000000000000e+02 1.985141178611868678e-13
8.950000000000000000e+02 1.983015353022495499e-13
8.960000000000000000e+02 1.980884617334605142e-13
8.970000000000000000e+02 1.978749123315398290e-13
8.980000000000000000e+02 1.976609023651931365e-13
8.990000000000000000e+02 1.974464471951436362e-13
9.000000000000000000e+02 1.972315622745084163e-13
9.010000000000000000e+02 1.970162631487363033e-13
9.020000000000000000e+02 1.968005654560156724e-13
9.030000000000000000e+02 1.965844849273377322e-13
9.040000000000000000e+02 1.963680373865905829e-13
9.050000000000000000e+02 1.961512387509045727e-13
9.060000000000000000e+02 1.959341050307471384e-13
9.070000000000000000e+02 1.957166523300162565e-13
9.080000000000000000e+02 1.954988968463553315e-13
9.090000000000000000e+02 1.952808548712784796e-13
9.100000000000000000e+02 1.950625427903276696e-13
9.110000000000000000e+02 1.948439770831669829e-13
9.120000000000000000e+02 1.946251743239595997e-13
9.130000000000000000e+02 1.944061511813992534e-13
9.140000000000000000e+02 1.941869244188672450e-13
9.150000000000000000e+02 1.939675108947152718e-13
9.160000000000000000e+02 1.937479275622967294e-13
9.170000000000000000e+02 1.935281914703438256e-13
9.180000000000000000e+02 1.933083197629046978e-13
9.190000000000000000e+02 1.930883296796888465e-13
9.200000000000000000e+02 1.928682385561930498e-13
9.210000000000000000e+02 1.926480638238898066e-13
9.220000000000000000e+02 1.924278230103527464e-13
9.230000000000000000e+02 1.922075337394455015e-13
9.240000000000000000e+02 1.919872137315727040e-13
9.250000000000000000e+02 1.917668808037744467e-13
9.260000000000000000e+02 1.915465528698833234e-13
9.270000000000000000e+02 1.913262479408070307e-13
9.280000000000000000e+02 1.911059841246228287e-13
9.290000000000000000e+02 1.908857796267030527e-13
9.300000000000000000e+02 1.906656527500607977e-13
9.310000000000000000e+02 1.904456218953182633e-13
9.320000000000000000e+02 1.902257055610214148e-13
9.330000000000000000e+02 1.900059223437963663e-13
9.340000000000000000e+02 1.897862845288727271e-13
9.350000000000000000e+02 1.895667787516639865e-13
9.360000000000000000e+02 1.893473850342169803e-13
9.370000000000000000e+02 1.891280831666975638e-13
9.380000000000000000e+02 1.889088527067309222e-13
9.390000000000000000e+02 1.886896729786161935e-13
9.400000000000000000e+02 1.884705230726351735e-13
9.410000000000000000e+02 1.882513818444556598e-13
9.420000000000000000e+02 1.880322279142201338e-13
9.430000000000000000e+02 1.878130396660747168e-13
9.440000000000000000e+02 1.875937952472579024e-13
9.450000000000000000e+02 1.873744725675982106e-13
9.460000000000000000e+02 1.871550492985399882e-13
9.470000000000000000e+02 1.869355028727665479e-13
9.480000000000000000e+02 1.867158104831634918e-13
9.490000000000000000e+02 1.864959490824101445e-13
9.500000000000000000e+02 1.862758953820059091e-13
9.510000000000000000e+02 1.860556258517987179e-13
9.520000000000000000e+02 1.858351167191371523e-13
9.530000000000000000e+02 1.856143439681475174e-13
9.540000000000000000e+02 1.853932833391685894e-13
9.550000000000000000e+02 1.851719103279347083e-13
9.560000000000000000e+02 1.849502001848534340e-13
9.570000000000000000e+02 1.847281279143768053e-13
9.580000000000000000e+02 1.845056682742476182e-13
9.590000000000000000e+02 1.842827957748083832e-13
9.600000000000000000e+02 1.840594846783099049e-13
9.610000000000000000e+02 1.838357089981575603e-13
9.620000000000000000e+02 1.836114424982513307e-13
9.630000000000000000e+02 1.833866586922947354e-13
9.640000000000000000e+02 1.831613308429781259e-13
9.650000000000000000e+02 1.829354319614759365e-13
9.660000000000000000e+02 1.827089348064728381e-13
9.670000000000000000e+02 1.824818118837551209e-13
9.680000000000000000e+02 1.822540354452372275e-13
9.690000000000000000e+02 1.820255774884271197e-13
9.700000000000000000e+02 1.817964097556728346e-13
9.710000000000000000e+02 1.815665037334083079e-13
9.720000000000000000e+02 1.813358306514933562e-13
9.730000000000000000e+02 1.811043707915961589e-13
9.740000000000000000e+02 1.808721415664651406e-13
9.750000000000000000e+02 1.806391698605936733e-13
9.760000000000000000e+02 1.804054827601023726e-13
9.770000000000000000e+02 1.801711075529279187e-13
9.780000000000000000e+02 1.799360717295140491e-13
9.790000000000000000e+02 1.797004029831883427e-13
9.800000000000000000e+02 1.794641292106339722e-13
9.810000000000000000e+02 1.792272785123918732e-13
9.820000000000000000e+02 1.789898791933321682e-13
9.830000000000000000e+02 1.787519597630940097e-13
9.840000000000000000e+02 1.785135489366197843e-13
9.850000000000000000e+02 1.782746756345317720e-13
9.860000000000000000e+02 1.780353689837291556e-13
9.870000000000000000e+02 1.777956583177024547e-13
9.880000000000000000e+02 1.775555731772243407e-13
9.890000000000000000e+02 1.773151433105697603e-13
9.900000000000000000e+02 1.770743986742383808e-13
9.910000000000000000e+02 1.768333694332059654e-13
9.920000000000000000e+02 1.765920859615212314e-13
9.930000000000000000e+02 1.763505788427771729e-13
9.940000000000000000e+02 1.761088788705508032e-13
9.950000000000000000e+02 1.758670170489058799e-13
9.960000000000000000e+02 1.756250245928011944e-13
9.970000000000000000e+02 1.753829329286563555e-13
9.980000000000000000e+02 1.751407736947282714e-13
9.990000000000000000e+02 1.748985787416770852e-13
1.000000000000000000e+03 1.746563801329745396e-13
1.001000000000000000e+03 1.744142101454061973e-13
1.002000000000000000e+03 1.741721012695119156e-13
1.003000000000000000e+03 1.739300862101193693e-13
1.004000000000000000e+03 1.736881978867528186e-13
1.005000000000000000e+03 1.734464694341355071e-13
1.006000000000000000e+03 1.732049342026924876e-13
1.007000000000000000e+03 1.729636257589275588e-13
1.008000000000000000e+03 1.727225778860201742e-13
1.009000000000000000e+03 1.724818245842337568e-13
1.010000000000000000e+03 1.722414000713243163e-13
1.011000000000000000e+03 1.720013387831685587e-13
1.012000000000000000e+03 1.717616784641486218e-13
1.013000000000000000e+03 1.715224694863726972e-13
1.014000000000000000e+03 1.712837656659826049e-13
1.015000000000000000e+03 1.710456211861525567e-13
1.016000000000000000e+03 1.708080905978115261e-13
1.017000000000000000e+03 1.705712288205544387e-13
1.018000000000000000e+03 1.703350911435216834e-13
1.019000000000000000e+03 1.700997332261532379e-13
1.020000000000000000e+03 1.698652110990996829e-13
1.021000000000000000e+03 1.696315811649133206e-13
1.022000000000000000e+03 1.693989001991162032e-13
1.023000000000000000e+03 1.691672253507974464e-13
1.024000000000000000e+03 1.689366141435865448e-13
1.025000000000000000e+03 1.687071244764706820e-13
1.026000000000000000e+03 1.684788146245799063e-13
1.027000000000000000e+03 1.682517432400980943e-13
1.028000000000000000e+03 1.680259693530171781e-13
1.029000000000000000e+03 1.678015523719852269e-13
1.030000000000000000e+03 1.675785520852488401e-13
1.031000000000000000e+03 1.673570286613131895e-13
1.032000000000000000e+03 1.671370426499469907e-13
1.033000000000000000e+03 1.669186549828424199e-13
1.034000000000000000e+03 1.667019269746203622e-13
1.035000000000000000e+03 1.664869203235530341e-13
1.036000000000000000e+03 1.662736971124749972e-13
1.037000000000000000e+03 1.660623198095370823e-13
1.038000000000000000e+03 1.658528512690548003e-13
1.039000000000000000e+03 1.656453547324506326e-13
1.040000000000000000e+03 1.654398938289453261e-13
1.041000000000000000e+03 1.652365325765002100e-13
1.042000000000000000e+03 1.650353353825399177e-13
1.043000000000000000e+03 1.648363670448947798e-13
1.044000000000000000e+03 1.646396927526176799e-13
1.045000000000000000e+03 1.644453780867694062e-13
1.046000000000000000e+03 1.642534890212669615e-13
1.047000000000000000e+03 1.640640919237316706e-13
1.048000000000000000e+03 1.638772535563374896e-13
1.049000000000000000e+03 1.636930410766278872e-13
1.050000000000000000e+03 1.635115220383639523e-13
1.051000000000000000e+03 1.633327497752016212e-13
1.052000000000000000e+03 1.631567193277286656e-13
1.053000000000000000e+03 1.629834109053564331e-13
1.054000000000000000e+03 1.628128044473508166e-13
1.055000000000000000e+03 1.626448796219523901e-13
1.056000000000000000e+03 1.624796158256227122e-13
1.057000000000000000e+03 1.623169921823529055e-13
1.058000000000000000e+03 1.621569875427841960e-13
1.059000000000000000e+03 1.619995804836736343e-13
1.060000000000000000e+03 1.618447493069204761e-13
1.061000000000000000e+03 1.616924720390004753e-13
1.062000000000000000e+03 1.615427264300234656e-13
1.063000000000000000e+03 1.613954899531678807e-13
1.064000000000000000e+03 1.612507398037697644e-13
1.065000000000000000e+03 1.611084528987257610e-13
1.066000000000000000e+03 1.609686058755821008e-13
1.067000000000000000e+03 1.608311750919062880e-13
1.068000000000000000e+03 1.606961366245016733e-13
1.069000000000000000e+03 1.605634662685592199e-13
1.070000000000000000e+03 1.604331395371235265e-13
1.071000000000000000e+03 1.603051316601188306e-13
1.072000000000000000e+03 1.601794175836578150e-13
1.073000000000000000e+03 1.600559719694449001e-13
1.074000000000000000e+03 1.599347691937393406e-13
1.075000000000000000e+03 1.598157833468840037e-13
1.076000000000000000e+03 1.596989882323944307e-13
1.077000000000000000e+03 1.595843573662361392e-13
1.078000000000000000e+03 1.594718639760706743e-13
1.079000000000000000e+03 1.593614810005330874e-13
1.080000000000000000e+03 1.592531810884464582e-13
1.081000000000000000e+03 1.591469365980994747e-13
1.082000000000000000e+03 1.590427195964922821e-13
1.083000000000000000e+03 1.589405018585197785e-13
1.084000000000000000e+03 1.588402548663431767e-13
1.085000000000000000e+03 1.587419498085104932e-13
1.086000000000000000e+03 1.586455575792969098e-13
1.087000000000000000e+03 1.585510487778874629e-13
1.088000000000000000e+03 1.584583937076551533e-13
1.089000000000000000e+03 1.583675623754692484e-13
1.090000000000000000e+03 1.582785041167395241e-13
1.091000000000000000e+03 1.581910861733522968e-13
1.092000000000000000e+03 1.581051542909721111e-13
1.093000000000000000e+03 1.580205530155519319e-13
1.094000000000000000e+03 1.579371256906316554e-13
1.095000000000000000e+03 1.578547144544790252e-13
1.096000000000000000e+03 1.577731602371996748e-13
1.097000000000000000e+03 1.576923027580979145e-13
1.098000000000000000e+03 1.576119805227864713e-13
1.099000000000000000e+03 1.575320308203279602e-13
1.100000000000000000e+03 1.574522897204384537e-13
1.101000000000000000e+03 1.573725920708487997e-13
1.102000000000000000e+03 1.572927714942571691e-13
1.103000000000000000e+03 1.572126603856274155e-13
1.104000000000000000e+03 1.571320899094556538e-13
1.105000000000000000e+03 1.570508899967860429e-13
1.106000000000000000e+03 1.569688893426029762e-13
1.107000000000000000e+03 1.568859154028782927e-13
1.108000000000000000e+03 1.568017943918376785e-13
1.109000000000000000e+03 1.567163512790708614e-13
1.110000000000000000e+03 1.566294097868608933e-13
1.111000000000000000e+03 1.565407923871998835e-13
1.112000000000000000e+03 1.564503202991813147e-13
1.113000000000000000e+03 1.563578134859841961e-13
1.114000000000000000e+03 1.562630906522655062e-13
1.115000000000000000e+03 1.561659692412071262e-13
1.116000000000000000e+03 1.560662654317512425e-13
1.117000000000000000e+03 1.559637941357727915e-13
1.118000000000000000e+03 1.558583689954093736e-13
1.119000000000000000e+03 1.557498023799821211e-13
1.120000000000000000e+03 1.556379053834828288e-13
1.121000000000000000e+03 1.555224878215891064e-13
1.122000000000000000e+03 1.554033582288371264e-13
1.123000000000000000e+03 1.552803238559512602e-13
1.124000000000000000e+03 1.551531906669536670e-13
1.125000000000000000e+03 1.550217633363056884e-13
1.126000000000000000e+03 1.548858452462058553e-13
1.127000000000000000e+03 1.547452384837311061e-13
1.128000000000000000e+03 1.545997438380409121e-13
1.129000000000000000e+03 1.544492210696015848e-13
1.130000000000000000e+03 1.542937705777766784e-13
1.131000000000000000e+03 1.541335540792210213e-13
1.132000000000000000e+03 1.539687345518448190e-13
1.133000000000000000e+03 1.537994762376720065e-13
1.134000000000000000e+03 1.536259446456996862e-13
1.135000000000000000e+03 1.534483065548822939e-13
1.136000000000000000e+03 1.532667300168333403e-13
1.137000000000000000e+03 1.530813843587159989e-13
1.138000000000000000e+03 1.528924401862586251e-13
1.139000000000000000e+03 1.527000693863311125e-13
1.140000000000000000e+03 1.525044451301179818e-13
1.141000000000000000e+03 1.523057418757883660e-13
1.142000000000000000e+03 1.521041353713552963e-13
1.143000000000000000e+03 1.518998026576284908e-13
1.144000000000000000e+03 1.516929220710733882e-13
1.145000000000000000e+03 1.514836732465127378e-13
1.146000000000000000e+03 1.512722371202368570e-13
1.147000000000000000e+03 1.510587959326742222e-13
1.148000000000000000e+03 1.508435332313127282e-13
1.149000000000000000e+03 1.506266338735587720e-13
1.150000000000000000e+03 1.504082840296275388e-13
1.151000000000000000e+03 1.501886711853703295e-13
1.152000000000000000e+03 1.499679841451649979e-13
1.153000000000000000e+03 1.497464130346802958e-13
1.154000000000000000e+03 1.495241493038920479e-13
1.155000000000000000e+03 1.493013857298789509e-13
1.156000000000000000e+03 1.490783164196188012e-13
1.157000000000000000e+03 1.488551368129415102e-13
1.158000000000000000e+03 1.486320436853249796e-13
1.159000000000000000e+03 1.484092351507856385e-13
1.160000000000000000e+03 1.481869106647998542e-13
1.161000000000000000e+03 1.479652710270059516e-13
1.162000000000000000e+03 1.477445183842513110e-13
1.163000000000000000e+03 1.475248562333257148e-13
1.164000000000000000e+03 1.473064894238517081e-13
1.165000000000000000e+03 1.470896241612373371e-13
1.166000000000000000e+03 1.468744680093154376e-13
1.167000000000000000e+03 1.466612298935165220e-13
1.168000000000000000e+03 1.464500935604112291e-13
1.169000000000000000e+03 1.462411375880491617e-13
1.170000000000000000e+03 1.460344143804576537e-13
1.171000000000000000e+03 1.458299766205433325e-13
1.172000000000000000e+03 1.456278772704375013e-13
1.173000000000000000e+03 1.454281695722188621e-13
1.174000000000000000e+03 1.452309070483218302e-13
1.175000000000000000e+03 1.450361435020705104e-13
1.176000000000000000e+03 1.448439330182759097e-13
1.177000000000000000e+03 1.446543299637067539e-13
1.178000000000000000e+03 1.444673889876239449e-13
1.179000000000000000e+03 1.442831650223458638e-13
1.180000000000000000e+03 1.441017132837195172e-13
1.181000000000000000e+03 1.439230892716548420e-13
1.182000000000000000e+03 1.437473487707842434e-13
1.183000000000000000e+03 1.435745478507769025e-13
1.184000000000000000e+03 1.434047428670297426e-13
1.185000000000000000e+03 1.432379904611388526e-13
1.186000000000000000e+03 1.430743475614020356e-13
1.187000000000000000e+03 1.429138713834158187e-13
1.188000000000000000e+03 1.427566194305465482e-13
1.189000000000000000e+03 1.426026494944645430e-13
1.190000000000000000e+03 1.424520196557723057e-13
1.191000000000000000e+03 1.423047882842875279e-13
1.192000000000000000e+03 1.421610140399224998e-13
1.193000000000000000e+03 1.420207558728412008e-13
1.194000000000000000e+03 1.418840730243390118e-13
1.195000000000000000e+03 1.417510250270313100e-13
1.196000000000000000e+03 1.416216717057014753e-13
1.197000000000000000e+03 1.414960731776151724e-13
1.198000000000000000e+03 1.413742898531172852e-13
1.199000000000000000e+03 1.412563824361031126e-13
1.200000000000000000e+03 1.411424119247409655e-13
1.201000000000000000e+03 1.410324396117547680e-13
1.202000000000000000e+03 1.409265270850526471e-13
1.203000000000000000e+03 1.408247362283549164e-13
1.204000000000000000e+03 1.407271292215399886e-13
1.205000000000000000e+03 1.406337685413038634e-13
1.206000000000000000e+03 1.405447169616315248e-13
1.207000000000000000e+03 1.404599800263657689e-13
1.208000000000000000e+03 1.403793327029421616e-13
1.209000000000000000e+03 1.403024906305100022e-13
1.210000000000000000e+03 1.402291674531817119e-13
1.211000000000000000e+03 1.401590748158228918e-13
1.212000000000000000e+03 1.400919223599998741e-13
1.213000000000000000e+03 1.400274177196754202e-13
1.214000000000000000e+03 1.399652665169365273e-13
1.215000000000000000e+03 1.399051723579101231e-13
1.216000000000000000e+03 1.398468368284906457e-13
1.217000000000000000e+03 1.397899594901614540e-13
1.218000000000000000e+03 1.397342378757225836e-13
1.219000000000000000e+03 1.396793674852694753e-13
1.220000000000000000e+03 1.396250417816687503e-13
1.221000000000000000e+03 1.395709521867258353e-13
1.222000000000000000e+03 1.395167880766295626e-13
1.223000000000000000e+03 1.394622367780564086e-13
1.224000000000000000e+03 1.394069835637410842e-13
1.225000000000000000e+03 1.393507116483295243e-13
1.226000000000000000e+03 1.392931021842319285e-13
1.227000000000000000e+03 1.392338342573504666e-13
1.228000000000000000e+03 1.391725848829319153e-13
1.229000000000000000e+03 1.391090290012954655e-13
1.230000000000000000e+03 1.390428394736543839e-13
1.231000000000000000e+03 1.389736870780002302e-13
1.232000000000000000e+03 1.389012405046735978e-13
1.233000000000000000e+03 1.388251663524054967e-13
1.234000000000000000e+03 1.387451291239818245e-13
1.235000000000000000e+03 1.386607912220025507e-13
1.236000000000000000e+03 1.385718129448288401e-13
1.237000000000000000e+03 1.384778524821848186e-13
1.238000000000000000e+03 1.383785659111363515e-13
1.239000000000000000e+03 1.382736071916930623e-13
1.240000000000000000e+03 1.381626281627866307e-13
1.241000000000000000e+03 1.380452785379985500e-13
1.242000000000000000e+03 1.379212059012246984e-13
1.243000000000000000e+03 1.377900557027169238e-13
1.244000000000000000e+03 1.376514712546846324e-13
1.245000000000000000e+03 1.375050937271481580e-13
1.246000000000000000e+03 1.373506932733035850e-13
1.247000000000000000e+03 1.371885640980878234e-13
1.248000000000000000e+03 1.370191340163313622e-13
1.249000000000000000e+03 1.368428337495290973e-13
1.250000000000000000e+03 1.366600969319034787e-13
1.251000000000000000e+03 1.364713601161537281e-13
1.252000000000000000e+03 1.362770627794562062e-13
1.253000000000000000e+03 1.360776473294335521e-13
1.254000000000000000e+03 1.358735591099351027e-13
1.255000000000000000e+03 1.356652464071316450e-13
1.256000000000000000e+03 1.354531604553273893e-13
1.257000000000000000e+03 1.352377554428974293e-13
1.258000000000000000e+03 1.350194885181941009e-13
1.259000000000000000e+03 1.347988197955159458e-13
1.260000000000000000e+03 1.345762123610453982e-13
1.261000000000000000e+03 1.343521322786604552e-13
1.262000000000000000e+03 1.341270485959983800e-13
1.263000000000000000e+03 1.339014333502358174e-13
1.264000000000000000e+03 1.336757615741210180e-13
1.265000000000000000e+03 1.334505113018168616e-13
1.266000000000000000e+03 1.332261635749644330e-13
1.267000000000000000e+03 1.330032024483375519e-13
1.268000000000000000e+03 1.327821149960635662e-13
1.269000000000000000e+03 1.325633913173406115e-13
1.270000000000000000e+03 1.323475245424383562e-13
1.271000000000000000e+03 1.321350108386040582e-13
1.272000000000000000e+03 1.319263494160315281e-13
1.273000000000000000e+03 1.317220425336733553e-13
1.274000000000000000e+03 1.315225955052409968e-13
1.275000000000000000e+03 1.313285167051740434e-13
1.276000000000000000e+03 1.311403175743892361e-13
1.277000000000000000e+03 1.309585126264379988e-13
1.278000000000000000e+03 1.307836194532242534e-13
1.279000000000000000e+03 1.306161587310359876e-13
1.280000000000000000e+03 1.304566542263889591e-13
1.281000000000000000e+03 1.303056328020269114e-13
1.282000000000000000e+03 1.301636244228906624e-13
1.283000000000000000e+03 1.300311621617729883e-13
1.284000000000000000e+03 1.299087822056333223e-13
1.285000000000000000e+03 1.297968532150287831e-13
1.286000000000000000e+03 1.296950622670677721e-13
1.287000000000000000e+03 1.296029230756917043e-13
1.288000000000000000e+03 1.295199461009056945e-13
1.289000000000000000e+03 1.294456385420561497e-13
1.290000000000000000e+03 1.293795043316413033e-13
1.291000000000000000e+03 1.293210441286828149e-13
1.292000000000000000e+03 1.292697553122852820e-13
1.293000000000000000e+03 1.292251319751646782e-13
1.294000000000000000e+03 1.291866649171766138e-13
1.295000000000000000e+03 1.291538416388447479e-13
1.296000000000000000e+03 1.291261463349517800e-13
1.297000000000000000e+03 1.291030598879736277e-13
1.298000000000000000e+03 1.290840598616392169e-13
1.299000000000000000e+03 1.290686204944900448e-13
1.300000000000000000e+03 1.290562126934086931e-13
1.301000000000000000e+03 1.290463040270841313e-13
1.302000000000000000e+03 1.290383587196344644e-13
1.303000000000000000e+03 1.290318376440722364e-13
1.304000000000000000e+03 1.290261983158643967e-13
1.305000000000000000e+03 1.290208948864289059e-13
1.306000000000000000e+03 1.290153781367261053e-13
1.307000000000000000e+03 1.290090954706613410e-13
1.308000000000000000e+03 1.290014909088331966e-13
1.309000000000000000e+03 1.289920050818417566e-13
1.310000000000000000e+03 1.289800752238799766e-13
1.311000000000000000e+03 1.289651351663875554e-13
1.312000000000000000e+03 1.289466153314535087e-13
1.313000000000000000e+03 1.289239427253132288e-13
1.314000000000000000e+03 1.288965409320024079e-13
1.315000000000000000e+03 1.288638301068224676e-13
1.316000000000000000e+03 1.288252269698689967e-13
1.317000000000000000e+03 1.287801447995599108e-13
1.318000000000000000e+03 1.287279934261953689e-13
1.319000000000000000e+03 1.286681792254230767e-13
1.320000000000000000e+03 1.286001051118610341e-13
1.321000000000000000e+03 1.285231705325000325e-13
1.322000000000000000e+03 1.284367714603891329e-13
1.323000000000000000e+03 1.283403003880383649e-13
1.324000000000000000e+03 1.282333314650551244e-13
1.325000000000000000e+03 1.281161781610623316e-13
1.326000000000000000e+03 1.279893417483638955e-13
1.327000000000000000e+03 1.278533267228204994e-13
1.328000000000000000e+03 1.277086408099129503e-13
1.329000000000000000e+03 1.275557949711823631e-13
1.330000000000000000e+03 1.273953034101049659e-13
1.331000000000000000e+03 1.272276835786266957e-13
1.332000000000000000e+03 1.270534561831006065e-13
1.333000000000000000e+03 1.268731451906017715e-13
1.334000000000000000e+03 1.266872778350216301e-13
1.335000000000000000e+03 1.264963846234770731e-13
1.336000000000000000e+03 1.263009993422166254e-13
1.337000000000000000e+03 1.261016590629977739e-13
1.338000000000000000e+03 1.258989041493387850e-13
1.339000000000000000e+03 1.256932782624563159e-13
1.340000000000000000e+03 1.254853283677371025e-13
1.341000000000000000e+03 1.252756047407698302e-13
1.342000000000000000e+03 1.250646609735654724e-13
1.343000000000000000e+03 1.248530539808090575e-13
1.344000000000000000e+03 1.246413440059856720e-13
1.345000000000000000e+03 1.244300946276324801e-13
1.346000000000000000e+03 1.242198727654646263e-13
1.347000000000000000e+03 1.240112486866584049e-13
1.348000000000000000e+03 1.238047960118833324e-13
1.349000000000000000e+03 1.236010917217735083e-13
1.350000000000000000e+03 1.234007161628655786e-13
1.351000000000000000e+03 1.232042530538187724e-13
1.352000000000000000e+03 1.230122894918239606e-13
1.353000000000000000e+03 1.228254159585097888e-13
1.354000000000000000e+03 1.226442263263828863e-13
1.355000000000000000e+03 1.224693178648283596e-13
1.356000000000000000e+03 1.223012912464244402e-13
1.357000000000000000e+03 1.221407505531627229e-13
1.358000000000000000e+03 1.219883032824487335e-13
1.359000000000000000e+03 1.218445603535734917e-13
1.360000000000000000e+03 1.217101361136512478e-13
1.361000000000000000e+03 1.215856483439653074e-13
1.362000000000000000e+03 1.214717182661572443e-13
1.363000000000000000e+03 1.213687814642475487e-13
1.364000000000000000e+03 1.212765184191938921e-13
1.365000000000000000e+03 1.211944178772556275e-13
1.366000000000000000e+03 1.211219653738901164e-13
1.367000000000000000e+03 1.210586432276582035e-13
1.368000000000000000e+03 1.210039305342549006e-13
1.369000000000000000e+03 1.209573031605407761e-13
1.370000000000000000e+03 1.209182337384153708e-13
1.371000000000000000e+03 1.208861916588799917e-13
1.372000000000000000e+03 1.208606430660998478e-13
1.373000000000000000e+03 1.208410508511838635e-13
1.374000000000000000e+03 1.208268746464354095e-13
1.375000000000000000e+03 1.208175708191320654e-13
1.376000000000000000e+03 1.208125924655879833e-13
1.377000000000000000e+03 1.208113894052162519e-13
1.378000000000000000e+03 1.208134081743713640e-13
1.379000000000000000e+03 1.208180920204745370e-13
1.380000000000000000e+03 1.208248808959502640e-13
1.381000000000000000e+03 1.208332114521632668e-13
1.382000000000000000e+03 1.208425170335120361e-13
1.383000000000000000e+03 1.208522276713029540e-13
1.384000000000000000e+03 1.208617700779068164e-13
1.385000000000000000e+03 1.208705676405071671e-13
1.386000000000000000e+03 1.208780404153509028e-13
1.387000000000000000e+03 1.208836051215283889e-13
1.388000000000000000e+03 1.208866751350668224e-13
1.389000000000000000e+03 1.208866604829300170e-13
1.390000000000000000e+03 1.208829678369236512e-13
1.391000000000000000e+03 1.208750005078205643e-13
1.392000000000000000e+03 1.208621584391716439e-13
1.393000000000000000e+03 1.208438382014626768e-13
1.394000000000000000e+03 1.208194329859880926e-13
1.395000000000000000e+03 1.207883325989449073e-13
1.396000000000000000e+03 1.207499234553063669e-13
1.397000000000000000e+03 1.207035885728845884e-13
1.398000000000000000e+03 1.206487075662987401e-13
1.399000000000000000e+03 1.205846566410056746e-13
1.400000000000000000e+03 1.205108085872370086e-13
1.401000000000000000e+03 1.204265327739356732e-13
1.402000000000000000e+03 1.203313836328797165e-13
1.403000000000000000e+03 1.202256682732550623e-13
1.404000000000000000e+03 1.201098847756959914e-13
1.405000000000000000e+03 1.199845342449337267e-13
1.406000000000000000e+03 1.198501208153574610e-13
1.407000000000000000e+03 1.197071516564488136e-13
1.408000000000000000e+03 1.195561369782171952e-13
1.409000000000000000e+03 1.193975900368857408e-13
1.410000000000000000e+03 1.192320271401380805e-13
1.411000000000000000e+03 1.190599676527730708e-13
1.412000000000000000e+03 1.188819340021082523e-13
1.413000000000000000e+03 1.186984516835720785e-13
1.414000000000000000e+03 1.185100492660129364e-13
1.415000000000000000e+03 1.183172583973857362e-13
1.416000000000000000e+03 1.181206138101237888e-13
1.417000000000000000e+03 1.179206533266053973e-13
1.418000000000000000e+03 1.177179178648084370e-13
1.419000000000000000e+03 1.175129514435257487e-13
1.420000000000000000e+03 1.173063011881452800e-13
1.421000000000000000e+03 1.170985173359597885e-13
1.422000000000000000e+03 1.168901532416328271e-13
1.423000000000000000e+03 1.166817653828539304e-13
1.424000000000000000e+03 1.164739133656476354e-13
1.425000000000000000e+03 1.162671599300286180e-13
1.426000000000000000e+03 1.160620709552793104e-13
1.427000000000000000e+03 1.158592154656991955e-13
1.428000000000000000e+03 1.156591656358512494e-13
1.429000000000000000e+03 1.154624967962165974e-13
1.430000000000000000e+03 1.152697874385669722e-13
1.431000000000000000e+03 1.150816192215879414e-13
1.432000000000000000e+03 1.148985769761882577e-13
1.433000000000000000e+03 1.147212487111861187e-13
1.434000000000000000e+03 1.145502256186184920e-13
1.435000000000000000e+03 1.143861020793959727e-13
1.436000000000000000e+03 1.142294756686120822e-13
1.437000000000000000e+03 1.140809471611981012e-13
1.438000000000000000e+03 1.139411205373265774e-13
1.439000000000000000e+03 1.138106029878778917e-13
1.440000000000000000e+03 1.136900049200006044e-13
1.441000000000000000e+03 1.135797685509054667e-13
1.442000000000000000e+03 1.134796517751368263e-13
1.443000000000000000e+03 1.133892390699738065e-13
1.444000000000000000e+03 1.133081124271302876e-13
1.445000000000000000e+03 1.132358513486392492e-13
1.446000000000000000e+03 1.131720328421720233e-13
1.447000000000000000e+03 1.131162314167970498e-13
1.448000000000000000e+03 1.130680190784560049e-13
1.449000000000000000e+03 1.130269653256597262e-13
1.450000000000000000e+03 1.129926371449958830e-13
1.451000000000000000e+03 1.129645990067935227e-13
1.452000000000000000e+03 1.129424128606305150e-13
1.453000000000000000e+03 1.129256381309982997e-13
1.454000000000000000e+03 1.129138317127778015e-13
1.455000000000000000e+03 1.129065479669985137e-13
1.456000000000000000e+03 1.129033387163143745e-13
1.457000000000000000e+03 1.129037532405743065e-13
1.458000000000000000e+03 1.129073382724867134e-13
1.459000000000000000e+03 1.129136379931584271e-13
1.460000000000000000e+03 1.129221940277279143e-13
1.461000000000000000e+03 1.129325454409042371e-13
1.462000000000000000e+03 1.129442287326002467e-13
1.463000000000000000e+03 1.129567778334713542e-13
1.464000000000000000e+03 1.129697241005490405e-13
1.465000000000000000e+03 1.129825963128108784e-13
1.466000000000000000e+03 1.129949206668453444e-13
1.467000000000000000e+03 1.130062207722650152e-13
1.468000000000000000e+03 1.130160176474654246e-13
1.469000000000000000e+03 1.130238297151640357e-13
1.470000000000000000e+03 1.130291727979390879e-13
1.471000000000000000e+03 1.130315601138943323e-13
1.472000000000000000e+03 1.130305022721664630e-13
1.473000000000000000e+03 1.130255072686211296e-13
1.474000000000000000e+03 1.130160804813919353e-13
1.475000000000000000e+03 1.130017246663565150e-13
1.476000000000000000e+03 1.129819399529267824e-13
1.477000000000000000e+03 1.129562238394936307e-13
1.478000000000000000e+03 1.129240711891543607e-13
1.479000000000000000e+03 1.128849742250945630e-13
1.480000000000000000e+03 1.128385423869660354e-13
1.481000000000000000e+03 1.127848632041581885e-13
1.482000000000000000e+03 1.127241449799405703e-13
1.483000000000000000e+03 1.126565972568152425e-13
1.484000000000000000e+03 1.125824308184647498e-13
1.485000000000000000e+03 1.125018576920454456e-13
1.486000000000000000e+03 1.124150911503237272e-13
1.487000000000000000e+03 1.123223457137181131e-13
1.488000000000000000e+03 1.122238371526239839e-13
1.489000000000000000e+03 1.121197824893614259e-13
1.490000000000000000e+03 1.120104000005313368e-13
1.491000000000000000e+03 1.118959092189947606e-13
1.492000000000000000e+03 1.117765309361975400e-13
1.493000000000000000e+03 1.116524872041495753e-13
1.494000000000000000e+03 1.115240013376867726e-13
1.495000000000000000e+03 1.113912979165444853e-13
1.496000000000000000e+03 1.112546027875880598e-13
1.497000000000000000e+03 1.111141430669804863e-13
1.498000000000000000e+03 1.109701471421931230e-13
1.499000000000000000e+03 1.108228446742989089e-13
1.500000000000000000e+03 1.106724666000773472e-13
1.501000000000000000e+03 1.105192451341193755e-13
1.502000000000000000e+03 1.103634137710577726e-13
1.503000000000000000e+03 1.102052072876722052e-13
1.504000000000000000e+03 1.100448617450881805e-13
1.505000000000000000e+03 1.098826144908191616e-13
1.506000000000000000e+03 1.097187041610599560e-13
1.507000000000000000e+03 1.095533706826972762e-13
1.508000000000000000e+03 1.093868552756344938e-13
1.509000000000000000e+03 1.092194004547395580e-13
1.510000000000000000e+03 1.090512500321695856e-13
1.511000000000000000e+03 1.088826491194445048e-13
1.512000000000000000e+03 1.087138441295518122e-13
1.513000000000000000e+03 1.085450827792085080e-13
1.514000000000000000e+03 1.083766140909346142e-13
1.515000000000000000e+03 1.082086883952522026e-13
1.516000000000000000e+03 1.080415573327903793e-13
1.517000000000000000e+03 1.078754738564214312e-13
1.518000000000000000e+03 1.077106922335543920e-13
1.519000000000000000e+03 1.075474368867820209e-13
1.520000000000000000e+03 1.073858085839768475e-13
1.521000000000000000e+03 1.072258773492284248e-13
1.522000000000000000e+03 1.070677135427140064e-13
1.523000000000000000e+03 1.069113878611696046e-13
1.524000000000000000e+03 1.067569713385498309e-13
1.525000000000000000e+03 1.066045353464990422e-13
1.526000000000000000e+03 1.064541515947912340e-13
1.527000000000000000e+03 1.063058921319898069e-13
1.528000000000000000e+03 1.061598293459500384e-13
1.529000000000000000e+03 1.060160359643220108e-13
1.530000000000000000e+03 1.058745850550530586e-13
1.531000000000000000e+03 1.057355500270475214e-13
1.532000000000000000e+03 1.055990046305752724e-13
1.533000000000000000e+03 1.054650229577742802e-13
1.534000000000000000e+03 1.053336794433103107e-13
1.535000000000000000e+03 1.052050488649111188e-13
1.536000000000000000e+03 1.050792063437119437e-13
1.537000000000000000e+03 1.049562273450407983e-13
1.538000000000000000e+03 1.048361876786701096e-13
1.539000000000000000e+03 1.047191634996331702e-13
1.540000000000000000e+03 1.046052313085699756e-13
1.541000000000000000e+03 1.044944679523553589e-13
1.542000000000000000e+03 1.043869506244762056e-13
1.543000000000000000e+03 1.042827568658166160e-13
1.544000000000000000e+03 1.041819645649721750e-13
1.545000000000000000e+03 1.040846519588782510e-13
1.546000000000000000e+03 1.039908976332813061e-13
1.547000000000000000e+03 1.039007805233985351e-13
1.548000000000000000e+03 1.038143799143262680e-13
1.549000000000000000e+03 1.037317754415427334e-13
1.550000000000000000e+03 1.036530470916305038e-13
1.551000000000000000e+03 1.035782752025907267e-13
1.552000000000000000e+03 1.035075404645028275e-13
1.553000000000000000e+03 1.034409239200585744e-13
1.554000000000000000e+03 1.033785069649705820e-13
1.555000000000000000e+03 1.033203713486947188e-13
1.556000000000000000e+03 1.032665991747757291e-13
1.557000000000000000e+03 1.032172729015699686e-13
1.558000000000000000e+03 1.031724307076590930e-13
1.559000000000000000e+03 1.031319321294510939e-13
1.560000000000000000e+03 1.030955911632665680e-13
1.561000000000000000e+03 1.030632207839373837e-13
1.562000000000000000e+03 1.030346329433299455e-13
1.563000000000000000e+03 1.030096385684916742e-13
1.564000000000000000e+03 1.029880475600489374e-13
1.565000000000000000e+03 1.029696687906046904e-13
1.566000000000000000e+03 1.029543101029477740e-13
1.567000000000000000e+03 1.029417783084508204e-13
1.568000000000000000e+03 1.029318791853422945e-13
1.569000000000000000e+03 1.029244174771356506e-13
1.570000000000000000e+03 1.029191968908386564e-13
1.571000000000000000e+03 1.029160200953513234e-13
1.572000000000000000e+03 1.029146887198006660e-13
1.573000000000000000e+03 1.029150033517500504e-13
1.574000000000000000e+03 1.029167635357227367e-13
1.575000000000000000e+03 1.029197677713795607e-13
1.576000000000000000e+03 1.029238135118541841e-13
1.577000000000000000e+03 1.029286971621505461e-13
1.578000000000000000e+03 1.029342140774152830e-13
1.579000000000000000e+03 1.029401585613666962e-13
1.580000000000000000e+03 1.029463238643785773e-13
1.581000000000000000e+03 1.029525021821291482e-13
1.582000000000000000e+03 1.029584846536534836e-13
1.583000000000000000e+03 1.029640613598352716e-13
1.584000000000000000e+03 1.029690213216791203e-13
1.585000000000000000e+03 1.029731524986141789e-13
1.586000000000000000e+03 1.029762417868602484e-13
1.587000000000000000e+03 1.029780750177629952e-13
1.588000000000000000e+03 1.029784369560659041e-13
1.589000000000000000e+03 1.029771112982767046e-13
1.590000000000000000e+03 1.029738806709709165e-13
1.591000000000000000e+03 1.029685266292211330e-13
1.592000000000000000e+03 1.029608296547118957e-13
1.593000000000000000e+03 1.029505691542946402e-13
1.594000000000000000e+03 1.029375234581970952e-13
1.595000000000000000e+03 1.029214698182951979e-13
1.596000000000000000e+03 1.029021844065739819e-13
1.597000000000000000e+03 1.028794877218224928e-13
1.598000000000000000e+03 1.028533812681410432e-13
1.599000000000000000e+03 1.028239121251230206e-13
1.600000000000000000e+03 1.027911276535342929e-13
1.601000000000000000e+03 1.027550754957845692e-13
1.602000000000000000e+03 1.027158035763042353e-13
1.603000000000000000e+03 1.026733601020786205e-13
1.604000000000000000e+03 1.026277935631190677e-13
1.605000000000000000e+03 1.025791527328714753e-13
1.606000000000000000e+03 1.025274866687816383e-13
1.607000000000000000e+03 1.024728447126095440e-13
1.608000000000000000e+03 1.024152764909633607e-13
1.609000000000000000e+03 1.023548319158335538e-13
1.610000000000000000e+03 1.022915611849383941e-13
1.611000000000000000e+03 1.022255147822267334e-13
1.612000000000000000e+03 1.021567434783805029e-13
1.613000000000000000e+03 1.020852983312547081e-13
1.614000000000000000e+03 1.020112306862542264e-13
1.615000000000000000e+03 1.019345921769623468e-13
1.616000000000000000e+03 1.018554347254546601e-13
1.617000000000000000e+03 1.017738105428334654e-13
1.618000000000000000e+03 1.016897721296672854e-13
1.619000000000000000e+03 1.016033722764936167e-13
1.620000000000000000e+03 1.015146640641960687e-13
1.621000000000000000e+03 1.014237008645382517e-13
1.622000000000000000e+03 1.013305363406664520e-13
1.623000000000000000e+03 1.012352244473924734e-13
1.624000000000000000e+03 1.011378194318847165e-13
1.625000000000000000e+03 1.010383758339509704e-13
1.626000000000000000e+03 1.009369484866037918e-13
1.627000000000000000e+03 1.008335925164690724e-13
1.628000000000000000e+03 1.007283633442885618e-13
1.629000000000000000e+03 1.006213166853282704e-13
1.630000000000000000e+03 1.005125085499127112e-13
1.631000000000000000e+03 1.004019952438016475e-13
1.632000000000000000e+03 1.002898333687558380e-13
1.633000000000000000e+03 1.001760798229137092e-13
1.634000000000000000e+03 1.000607918012629800e-13
1.635000000000000000e+03 9.994402679611156779e-14
1.636000000000000000e+03 9.982584289934036368e-14
1.637000000000000000e+03 9.970629971070050603e-14
1.638000000000000000e+03 9.958545743859530272e-14
1.639000000000000000e+03 9.946337659939836189e-14
1.640000000000000000e+03 9.934011801801912319e-14
1.641000000000000000e+03 9.921574282837407910e-14
1.642000000000000000e+03 9.909031247392084009e-14
1.643000000000000000e+03 9.896388870794091283e-14
1.644000000000000000e+03 9.883653359426218320e-14
1.645000000000000000e+03 9.870830950751034204e-14
1.646000000000000000e+03 9.857927913376853695e-14
1.647000000000000000e+03 9.844950547098587599e-14
1.648000000000000000e+03 9.831905182935433916e-14
1.649000000000000000e+03 9.818798183196849327e-14
1.650000000000000000e+03 9.805635941507690509e-14
1.651000000000000000e+03 9.792424882886745551e-14
1.652000000000000000e+03 9.779171463759311556e-14
1.653000000000000000e+03 9.765882172029434102e-14
1.654000000000000000e+03 9.752563527117626153e-14
1.655000000000000000e+03 9.739222080011117869e-14
1.656000000000000000e+03 9.725864413310983788e-14
1.657000000000000000e+03 9.712497141276141068e-14
1.658000000000000000e+03 9.699126909879860957e-14
1.659000000000000000e+03 9.685760396850657036e-14
1.660000000000000000e+03 9.672404311713091409e-14
1.661000000000000000e+03 9.659065395850612216e-14
1.662000000000000000e+03 9.645750422543273796e-14
1.663000000000000000e+03 9.632466197017966311e-14
1.664000000000000000e+03 9.619219556495574473e-14
1.665000000000000000e+03 9.606017370238082012e-14
1.666000000000000000e+03 9.592866539598836628e-14
1.667000000000000000e+03 9.579773998063406678e-14
1.668000000000000000e+03 9.566746711306104004e-14
1.669000000000000000e+03 9.553791677230854498e-14
1.670000000000000000e+03 9.540915926021437822e-14
1.671000000000000000e+03 9.528126520188628465e-14
1.672000000000000000e+03 9.515430554614167484e-14
1.673000000000000000e+03 9.502835156610459712e-14
1.674000000000000000e+03 9.490347485955124601e-14
1.675000000000000000e+03 9.477973761569054218e-14
1.676000000000000000e+03 9.465716332182311141e-14
1.677000000000000000e+03 9.453576580171060918e-14
1.678000000000000000e+03 9.441555892633287555e-14
1.679000000000000000e+03 9.429655661366789975e-14
1.680000000000000000e+03 9.417877282894323329e-14
1.681000000000000000e+03 9.406222158473029987e-14
1.682000000000000000e+03 9.394691694078717856e-14
1.683000000000000000e+03 9.383287300434140729e-14
1.684000000000000000e+03 9.372010393002722735e-14
1.685000000000000000e+03 9.360862391997967878e-14
1.686000000000000000e+03 9.349844722389757032e-14
1.687000000000000000e+03 9.338958813910624757e-14
1.688000000000000000e+03 9.328206101062042415e-14
1.689000000000000000e+03 9.317588023111271562e-14
1.690000000000000000e+03 9.307106024113371273e-14
1.691000000000000000e+03 9.296761552904901141e-14
1.692000000000000000e+03 9.286556063119626550e-14
1.693000000000000000e+03 9.276491013185393521e-14
1.694000000000000000e+03 9.266567866327252606e-14
1.695000000000000000e+03 9.256788090589459899e-14
1.696000000000000000e+03 9.247153158826048573e-14
1.697000000000000000e+03 9.237664548713397642e-14
1.698000000000000000e+03 9.228323742759657902e-14
1.699000000000000000e+03 9.219132228298463764e-14
1.700000000000000000e+03 9.210091497510920383e-14
1.701000000000000000e+03 9.201203047413062665e-14
1.702000000000000000e+03 9.192468379884091439e-14
1.703000000000000000e+03 9.183889001650694686e-14
1.704000000000000000e+03 9.175466424305888065e-14
1.705000000000000000e+03 9.167202164315290457e-14
1.706000000000000000e+03 9.159097743010857253e-14
1.707000000000000000e+03 9.151154686615995167e-14
1.708000000000000000e+03 9.143374526236151432e-14
1.709000000000000000e+03 9.135758797865085566e-14
1.710000000000000000e+03 9.128309042403733876e-14
1.711000000000000000e+03 9.121026805650768367e-14
1.712000000000000000e+03 9.113913638318312116e-14
1.713000000000000000e+03 9.106971096038228702e-14
1.714000000000000000e+03 9.100199850759483121e-14
1.715000000000000000e+03 9.093597016640198644e-14
1.716000000000000000e+03 9.087158801353926378e-14
1.717000000000000000e+03 9.080881392568558461e-14
1.718000000000000000e+03 9.074760957930611430e-14
1.719000000000000000e+03 9.068793645033821981e-14
1.720000000000000000e+03 9.062975581378297858e-14
1.721000000000000000e+03 9.057302874351668501e-14
1.722000000000000000e+03 9.051771611200818572e-14
1.723000000000000000e+03 9.046377858981609124e-14
1.724000000000000000e+03 9.041117664552607104e-14
1.725000000000000000e+03 9.035987054527955639e-14
1.726000000000000000e+03 9.030982035264811593e-14
1.727000000000000000e+03 9.026098592809923902e-14
1.728000000000000000e+03 9.021332692883951018e-14
1.729000000000000000e+03 9.016680280853164157e-14
1.730000000000000000e+03 9.012137281691754890e-14
1.731000000000000000e+03 9.007699599950435957e-14
1.732000000000000000e+03 9.003363119734415007e-14
1.733000000000000000e+03 8.999123704665726173e-14
1.734000000000000000e+03 8.994977197858084978e-14
1.735000000000000000e+03 8.990919421885479044e-14
1.736000000000000000e+03 8.986946178744454231e-14
1.737000000000000000e+03 8.983053249835285475e-14
1.738000000000000000e+03 8.979236395924254090e-14
1.739000000000000000e+03 8.975491357118540534e-14
1.740000000000000000e+03 8.971813852822228691e-14
1.741000000000000000e+03 8.968199581730013915e-14
1.742000000000000000e+03 8.964644221773814184e-14
1.743000000000000000e+03 8.961143430110195032e-14
1.744000000000000000e+03 8.957692843070098278e-14
1.745000000000000000e+03 8.954288076152572792e-14
1.746000000000000000e+03 8.950924723974495659e-14
1.747000000000000000e+03 8.947598360248585045e-14
1.748000000000000000e+03 8.944304537758279078e-14
1.749000000000000000e+03 8.941038788310583428e-14
1.750000000000000000e+03 8.937796622726685749e-14
1.751000000000000000e+03 8.934573530797937247e-14
1.752000000000000000e+03 8.931364981260741655e-14
1.753000000000000000e+03 8.928167129908389709e-14
1.754000000000000000e+03 8.924978950473666321e-14
1.755000000000000000e+03 8.921800121483679886e-14
1.756000000000000000e+03 8.918630319706246453e-14
1.757000000000000000e+03 8.915469220165597520e-14
1.758000000000000000e+03 8.912316496126668453e-14
1.759000000000000000e+03 8.909171819104535783e-14
1.760000000000000000e+03 8.906034858842409884e-14
1.761000000000000000e+03 8.902905283333639771e-14
1.762000000000000000e+03 8.899782758799715874e-14
1.763000000000000000e+03 8.896666949699688405e-14
1.764000000000000000e+03 8.893557518720756564e-14
1.765000000000000000e+03 8.890454126768836283e-14
1.766000000000000000e+03 8.887356432987402018e-14
1.767000000000000000e+03 8.884264094732374459e-14
1.768000000000000000e+03 8.881176767584662794e-14
1.769000000000000000e+03 8.878094105334475837e-14
1.770000000000000000e+03 8.875015759993878175e-14
1.771000000000000000e+03 8.871941381781084889e-14
1.772000000000000000e+03 8.868870619123605642e-14
1.773000000000000000e+03 8.865803118655095545e-14
1.774000000000000000e+03 8.862738525209082133e-14
1.775000000000000000e+03 8.859676481822099354e-14
1.776000000000000000e+03 8.856616629730553583e-14
1.777000000000000000e+03 8.853558608361282531e-14
1.778000000000000000e+03 8.850502055337859827e-14
1.779000000000000000e+03 8.847446606468019939e-14
1.780000000000000000e+03 8.844391895749926148e-14
1.781000000000000000e+03 8.841337555369060545e-14
1.782000000000000000e+03 8.838283215679345643e-14
1.783000000000000000e+03 8.835228505231431032e-14
1.784000000000000000e+03 8.832173050741279049e-14
1.785000000000000000e+03 8.829116477096444107e-14
1.786000000000000000e+03 8.826058407365496117e-14
1.787000000000000000e+03 8.822998462776035874e-14
1.788000000000000000e+03 8.819936262720970609e-14
1.789000000000000000e+03 8.816871424761659334e-14
1.790000000000000000e+03 8.813803564618489423e-14
1.791000000000000000e+03 8.810732296164592232e-14
1.792000000000000000e+03 8.807656797650434087e-14
1.793000000000000000e+03 8.804574506475745627e-14
1.794000000000000000e+03 8.801482413755034184e-14
1.795000000000000000e+03 8.798377497100232169e-14
1.796000000000000000e+03 8.795256720614431629e-14
1.797000000000000000e+03 8.792117034863600105e-14
1.798000000000000000e+03 8.788955376870300045e-14
1.799000000000000000e+03 8.785768670075981248e-14
1.800000000000000000e+03 8.782553824337860762e-14
1.801000000000000000e+03 8.779307735903762638e-14
1.802000000000000000e+03 8.776027287396432854e-14
1.803000000000000000e+03 8.772709347785251390e-14
1.804000000000000000e+03 8.769350772386237282e-14
1.805000000000000000e+03 8.765948402821205814e-14
1.806000000000000000e+03 8.762499067014633277e-14
1.807000000000000000e+03 8.758999579162230009e-14
1.808000000000000000e+03 8.755446739727810195e-14
1.809000000000000000e+03 8.751837335415005210e-14
1.810000000000000000e+03 8.748168139139004724e-14
1.811000000000000000e+03 8.744435910029681859e-14
1.812000000000000000e+03 8.740637393393909614e-14
1.813000000000000000e+03 8.736769320706123570e-14
1.814000000000000000e+03 8.732828409586334751e-14
1.815000000000000000e+03 8.728811363781286584e-14
1.816000000000000000e+03 8.724714873142452618e-14
1.817000000000000000e+03 8.720535613619763503e-14
1.818000000000000000e+03 8.716270247227040999e-14
1.819000000000000000e+03 8.711915422029434260e-14
1.820000000000000000e+03 8.707467772127719611e-14
1.821000000000000000e+03 8.702923917636299532e-14
1.822000000000000000e+03 8.698280464664352035e-14
1.823000000000000000e+03 8.693534005293852373e-14
1.824000000000000000e+03 8.688681117566991653e-14
1.825000000000000000e+03 8.683718365467333786e-14
1.826000000000000000e+03 8.678642298888406208e-14
1.827000000000000000e+03 8.673449453639969107e-14
1.828000000000000000e+03 8.668136351397761835e-14
1.829000000000000000e+03 8.662699499706636890e-14
1.830000000000000000e+03 8.657135391958574051e-14
1.831000000000000000e+03 8.651442018957418208e-14
1.832000000000000000e+03 8.645623416895745990e-14
1.833000000000000000e+03 8.639685155688523184e-14
1.834000000000000000e+03 8.633632830725900612e-14
1.835000000000000000e+03 8.627472062901467971e-14
1.836000000000000000e+03 8.621208498653107997e-14
1.837000000000000000e+03 8.614847809991271759e-14
1.838000000000000000e+03 8.608395694536667283e-14
1.839000000000000000e+03 8.601857875567391776e-14
1.840000000000000000e+03 8.595240102028357574e-14
1.841000000000000000e+03 8.588548148594118282e-14
1.842000000000000000e+03 8.581787815687720657e-14
1.843000000000000000e+03 8.574964929512121468e-14
1.844000000000000000e+03 8.568085342106734309e-14
1.845000000000000000e+03 8.561154931359999620e-14
1.846000000000000000e+03 8.554179601053364002e-14
1.847000000000000000e+03 8.547165280902117968e-14
1.848000000000000000e+03 8.540117926577391907e-14
1.849000000000000000e+03 8.533043519756423564e-14
1.850000000000000000e+03 8.525948068147686733e-14
1.851000000000000000e+03 8.518837605525442099e-14
1.852000000000000000e+03 8.511718191773740533e-14
1.853000000000000000e+03 8.504595912911526540e-14
1.854000000000000000e+03 8.497476881136651643e-14
1.855000000000000000e+03 8.490367234854116874e-14
1.856000000000000000e+03 8.483273138713804300e-14
1.857000000000000000e+03 8.476200783648150498e-14
1.858000000000000000e+03 8.469156386900430692e-14
1.859000000000000000e+03 8.462146192068745630e-14
1.860000000000000000e+03 8.455176469137428354e-14
1.861000000000000000e+03 8.448253514511607660e-14
1.862000000000000000e+03 8.441383651048627486e-14
1.863000000000000000e+03 8.434573228102013599e-14
1.864000000000000000e+03 8.427828621546627531e-14
1.865000000000000000e+03 8.421156233828911336e-14
1.866000000000000000e+03 8.414562493979474027e-14
1.867000000000000000e+03 8.408053857672764798e-14
1.868000000000000000e+03 8.401636807242793448e-14
1.869000000000000000e+03 8.395317851730243674e-14
1.870000000000000000e+03 8.389101542250439337e-14
1.871000000000000000e+03 8.382984501044637745e-14
1.872000000000000000e+03 8.376961345779227120e-14
1.873000000000000000e+03 8.371026669920906591e-14
1.874000000000000000e+03 8.365175042708408379e-14
1.875000000000000000e+03 8.359401009121092287e-14
1.876000000000000000e+03 8.353699089841236896e-14
1.877000000000000000e+03 8.348063781232052428e-14
1.878000000000000000e+03 8.342489555284274233e-14
1.879000000000000000e+03 8.336970859609878408e-14
1.880000000000000000e+03 8.331502117388674023e-14
1.881000000000000000e+03 8.326077727343173161e-14
1.882000000000000000e+03 8.320692063700889685e-14
1.883000000000000000e+03 8.315339476175484828e-14
1.884000000000000000e+03 8.310014289910231741e-14
1.885000000000000000e+03 8.304710805474862571e-14
1.886000000000000000e+03 8.299423298799595715e-14
1.887000000000000000e+03 8.294146021175142123e-14
1.888000000000000000e+03 8.288873199189869062e-14
1.889000000000000000e+03 8.283599034720370384e-14
1.890000000000000000e+03 8.278317704887501102e-14
1.891000000000000000e+03 8.273023362021798774e-14
1.892000000000000000e+03 8.267710133635219566e-14
1.893000000000000000e+03 8.262372122389730227e-14
1.894000000000000000e+03 8.257003406059589176e-14
1.895000000000000000e+03 8.251598037503092665e-14
1.896000000000000000e+03 8.246150044621719353e-14
1.897000000000000000e+03 8.240653430338146962e-14
1.898000000000000000e+03 8.235102172552269182e-14
1.899000000000000000e+03 8.229490224125481557e-14
1.900000000000000000e+03 8.223811512824140990e-14
1.901000000000000000e+03 8.218059941300713855e-14
1.902000000000000000e+03 8.212229387068640998e-14
1.903000000000000000e+03 8.206313702445785878e-14
1.904000000000000000e+03 8.200306714548161541e-14
1.905000000000000000e+03 8.194202225239658097e-14
1.906000000000000000e+03 8.187994011103767416e-14
1.907000000000000000e+03 8.181675823409028500e-14
1.908000000000000000e+03 8.175241388080754706e-14
1.909000000000000000e+03 8.168686746184412576e-14
1.910000000000000000e+03 8.162017295061005988e-14
1.911000000000000000e+03 8.155240801101422642e-14
1.912000000000000000e+03 8.148365064179646598e-14
1.913000000000000000e+03 8.141397917696742640e-14
1.914000000000000000e+03 8.134347228618537317e-14
1.915000000000000000e+03 8.127220897525917977e-14
1.916000000000000000e+03 8.120026858661923349e-14
1.917000000000000000e+03 8.112773079960035246e-14
1.918000000000000000e+03 8.105467563107012287e-14
1.919000000000000000e+03 8.098118343580573462e-14
1.920000000000000000e+03 8.090733490683976750e-14
1.921000000000000000e+03 8.083321107611972938e-14
1.922000000000000000e+03 8.075889331466528562e-14
1.923000000000000000e+03 8.068446333322788568e-14
1.924000000000000000e+03 8.061000318273065718e-14
1.925000000000000000e+03 8.053559525451970543e-14
1.926000000000000000e+03 8.046132228102384093e-14
1.927000000000000000e+03 8.038726733603734506e-14
1.928000000000000000e+03 8.031351383525400990e-14
1.929000000000000000e+03 8.024014553667556629e-14
1.930000000000000000e+03 8.016724654108294297e-14
1.931000000000000000e+03 8.009490129241321592e-14
1.932000000000000000e+03 8.002319457826227053e-14
1.933000000000000000e+03 7.995221153032465777e-14
1.934000000000000000e+03 7.988203762473911531e-14
1.935000000000000000e+03 7.981275868268557744e-14
1.936000000000000000e+03 7.974446087076199816e-14
1.937000000000000000e+03 7.967723070126721774e-14
1.938000000000000000e+03 7.961115503298635265e-14
1.939000000000000000e+03 7.954632107128501714e-14
1.940000000000000000e+03 7.948281636873759725e-14
1.941000000000000000e+03 7.942072882559862362e-14
1.942000000000000000e+03 7.936014669002251663e-14
1.943000000000000000e+03 7.930115855884911508e-14
1.944000000000000000e+03 7.924385337766643172e-14
1.945000000000000000e+03 7.918832044159609361e-14
1.946000000000000000e+03 7.913464939545040749e-14
1.947000000000000000e+03 7.908293023442349032e-14
1.948000000000000000e+03 7.903320304803360435e-14
1.949000000000000000e+03 7.898530683898782732e-14
1.950000000000000000e+03 7.893902956947979240e-14
1.951000000000000000e+03 7.889415831313511899e-14
1.952000000000000000e+03 7.885047925381750643e-14
1.953000000000000000e+03 7.880777768468637972e-14
1.954000000000000000e+03 7.876583800678302360e-14
1.955000000000000000e+03 7.872444372808822820e-14
1.956000000000000000e+03 7.868337746229700507e-14
1.957000000000000000e+03 7.864242092765618487e-14
1.958000000000000000e+03 7.860135494583351896e-14
1.959000000000000000e+03 7.855995944081803257e-14
1.960000000000000000e+03 7.851801343769486701e-14
1.961000000000000000e+03 7.847529506154569593e-14
1.962000000000000000e+03 7.843158153628632297e-14
1.963000000000000000e+03 7.838664918350435520e-14
1.964000000000000000e+03 7.834027342139097184e-14
1.965000000000000000e+03 7.829222876348432564e-14
1.966000000000000000e+03 7.824228881760146309e-14
1.967000000000000000e+03 7.819022628461298993e-14
1.968000000000000000e+03 7.813581295740643216e-14
1.969000000000000000e+03 7.807881971966098995e-14
1.970000000000000000e+03 7.801901654471653825e-14
1.971000000000000000e+03 7.795617249437983417e-14
1.972000000000000000e+03 7.789005571795069651e-14
1.973000000000000000e+03 7.782043345080815254e-14
1.974000000000000000e+03 7.774707201353090220e-14
1.975000000000000000e+03 7.766973681051498138e-14
1.976000000000000000e+03 7.758819232899984057e-14
1.977000000000000000e+03 7.750220213790599302e-14
1.978000000000000000e+03 7.741152888654700049e-14
1.979000000000000000e+03 7.731593430359260713e-14
1.980000000000000000e+03 7.721517919596931983e-14
1.981000000000000000e+03 7.710902344763517465e-14
1.982000000000000000e+03 7.699722601835440238e-14
1.983000000000000000e+03 7.687954494281794326e-14
1.984000000000000000e+03 7.675573732913532168e-14
1.985000000000000000e+03 7.662555935798656384e-14
1.986000000000000000e+03 7.648876628139685072e-14
1.987000000000000000e+03 7.634519475860219992e-14
1.988000000000000000e+03 7.619501052988365907e-14
1.989000000000000000e+03 7.603846256479396073e-14
1.990000000000000000e+03 7.587580089223096599e-14
1.991000000000000000e+03 7.570727660169407372e-14
1.992000000000000000e+03 7.553314184463535634e-14
1.993000000000000000e+03 7.535364983581031682e-14
1.994000000000000000e+03 7.516905485459734378e-14
1.995000000000000000e+03 7.497961224647432027e-14
1.996000000000000000e+03 7.478557842427522236e-14
1.997000000000000000e+03 7.458721086950961212e-14
1.998000000000000000e+03 7.438476813380772974e-14
1.999000000000000000e+03 7.417850984024002442e-14
2.000000000000000000e+03 7.396869668469940268e-14
