2.000000000000000000e+00 7.319886549865663983e-08
3.000000000000000000e+00 7.006279316396446924e-08
4.000000000000000000e+00 6.807214559886139824e-08
5.000000000000000000e+00 6.705018209141263606e-08
6.000000000000000000e+00 6.633711916885878603e-08
7.000000000000000000e+00 6.574657504651423847e-08
8.000000000000000000e+00 6.519017340215016909e-08
9.000000000000000000e+00 6.461840890227247985e-08
1.000000000000000000e+01 6.400242055500264990e-08
1.100000000000000000e+01 6.332443210708686548e-08
1.200000000000000000e+01 6.257393348948481255e-08
1.300000000000000000e+01 6.174615132532086484e-08
1.400000000000000000e+01 6.084077725624905963e-08
1.500000000000000000e+01 5.986040249462504549e-08
1.600000000000000000e+01 5.880920699060982305e-08
1.700000000000000000e+01 5.769238027466316519e-08
1.800000000000000000e+01 5.651163902290388749e-08
1.900000000000000000e+01 5.528767575886297576e-08
2.000000000000000000e+01 5.401403263696536181e-08
2.100000000000000000e+01 5.270663973654595387e-08
2.200000000000000000e+01 5.136933338617323137e-08
2.300000000000000000e+01 5.001550012643218966e-08
2.400000000000000000e+01 4.864810719745892864e-08
2.500000000000000000e+01 4.727902543865872354e-08
2.600000000000000000e+01 4.591278831450324150e-08
2.700000000000000000e+01 4.455774120091482660e-08
2.800000000000000000e+01 4.321678314749909088e-08
2.900000000000000000e+01 4.190146452086286151e-08
3.000000000000000000e+01 4.061740019222933714e-08
3.100000000000000000e+01 3.936262673332588756e-08
3.200000000000000000e+01 3.814490583949164875e-08
3.300000000000000000e+01 3.696901537115764801e-08
3.400000000000000000e+01 3.583433265093118976e-08
3.500000000000000000e+01 3.474542233043969570e-08
3.600000000000000000e+01 3.370387508779900669e-08
3.700000000000000000e+01 3.270764104875661819e-08
3.800000000000000000e+01 3.176061722623561409e-08
3.900000000000000000e+01 3.086535431107922161e-08
4.000000000000000000e+01 3.001993783462828531e-08
4.100000000000000000e+01 2.922001779592744108e-08
4.200000000000000000e+01 2.846673009624992150e-08
4.300000000000000000e+01 2.776062707843719292e-08
4.400000000000000000e+01 2.709918094062721708e-08
4.500000000000000000e+01 2.647835134200175831e-08
4.600000000000000000e+01 2.589846637352979471e-08
4.700000000000000000e+01 2.535965273008558482e-08
4.800000000000000000e+01 2.486000463937196784e-08
4.900000000000000000e+01 2.439542647549862210e-08
5.000000000000000000e+01 2.396096498364238498e-08
5.100000000000000000e+01 2.355559740235558209e-08
5.200000000000000000e+01 2.317847097088908440e-08
5.300000000000000000e+01 2.282744169497936775e-08
5.400000000000000000e+01 2.249898705979209313e-08
5.500000000000000000e+01 2.218913520029925521e-08
5.600000000000000000e+01 2.189672268317040833e-08
5.700000000000000000e+01 2.162079313769821121e-08
5.800000000000000000e+01 2.135960505761138647e-08
5.900000000000000000e+01 2.111058411625352763e-08
6.000000000000000000e+01 2.087027548175251256e-08
6.100000000000000000e+01 2.063513577637187971e-08
6.200000000000000000e+01 2.040422455873360440e-08
6.300000000000000000e+01 2.017703510549040360e-08
6.400000000000000000e+01 1.995268745018457429e-08
6.500000000000000000e+01 1.972990733969797971e-08
6.600000000000000000e+01 1.950700519069895843e-08
6.700000000000000000e+01 1.928185504610803696e-08
6.800000000000000000e+01 1.905242438518338248e-08
6.900000000000000000e+01 1.881853525360606696e-08
7.000000000000000000e+01 1.858042382077033747e-08
7.100000000000000000e+01 1.833821426966489703e-08
7.200000000000000000e+01 1.809191184163182072e-08
7.300000000000000000e+01 1.784139588116631131e-08
7.400000000000000000e+01 1.758641288067873879e-08
7.500000000000000000e+01 1.732656952529440921e-08
7.600000000000000000e+01 1.706156981874650939e-08
7.700000000000000000e+01 1.679199175709166649e-08
7.800000000000000000e+01 1.651864030697440646e-08
7.900000000000000000e+01 1.624231397048665727e-08
8.000000000000000000e+01 1.596380283503039407e-08
8.100000000000000000e+01 1.568388662317088102e-08
8.200000000000000000e+01 1.540333274250870004e-08
8.300000000000000000e+01 1.512289433552985267e-08
8.400000000000000000e+01 1.484331994800795011e-08
8.500000000000000000e+01 1.456538864752072699e-08
8.600000000000000000e+01 1.428987717842874078e-08
8.700000000000000000e+01 1.401754713196594122e-08
8.800000000000000000e+01 1.374914319137117665e-08
8.900000000000000000e+01 1.348539137702594226e-08
9.000000000000000000e+01 1.322699729157642680e-08
9.100000000000000000e+01 1.297464436507127907e-08
9.200000000000000000e+01 1.272899210008994116e-08
9.300000000000000000e+01 1.249063485568380222e-08
9.400000000000000000e+01 1.225997491993927688e-08
9.500000000000000000e+01 1.203732701411809589e-08
9.600000000000000000e+01 1.182295378711879233e-08
9.700000000000000000e+01 1.161706351894735887e-08
9.800000000000000000e+01 1.141980782414701902e-08
9.900000000000000000e+01 1.123127935527517924e-08
1.000000000000000000e+02 1.105150950634261856e-08
1.010000000000000000e+02 1.088046611626844582e-08
1.020000000000000000e+02 1.071805117234128743e-08
1.030000000000000000e+02 1.056409851366481639e-08
1.040000000000000000e+02 1.041840706080738529e-08
1.050000000000000000e+02 1.028085056338927550e-08
1.060000000000000000e+02 1.015127846539233694e-08
1.070000000000000000e+02 1.002947981968324815e-08
1.080000000000000000e+02 9.915181381883571344e-09
1.090000000000000000e+02 9.808045704205280906e-09
1.100000000000000000e+02 9.707669229305120229e-09
1.110000000000000000e+02 9.613580384145259969e-09
1.120000000000000000e+02 9.525237673828798448e-09
1.130000000000000000e+02 9.442027775469854748e-09
1.140000000000000000e+02 9.363263632029070761e-09
1.150000000000000000e+02 9.288182546171121213e-09
1.160000000000000000e+02 9.216065155117967978e-09
1.170000000000000000e+02 9.146612840745818250e-09
1.180000000000000000e+02 9.079612839559284037e-09
1.190000000000000000e+02 9.014820639218726315e-09
1.200000000000000000e+02 8.951959141180156018e-09
1.210000000000000000e+02 8.890717823350825004e-09
1.220000000000000000e+02 8.830751902729122080e-09
1.230000000000000000e+02 8.771681498069608719e-09
1.240000000000000000e+02 8.713090792513478610e-09
1.250000000000000000e+02 8.654527196250445117e-09
1.260000000000000000e+02 8.595500509161778946e-09
1.270000000000000000e+02 8.535482083469622458e-09
1.280000000000000000e+02 8.473903986386322175e-09
1.290000000000000000e+02 8.410279293283617908e-09
1.300000000000000000e+02 8.344579665795689228e-09
1.310000000000000000e+02 8.276897804898159043e-09
1.320000000000000000e+02 8.207330062439748007e-09
1.330000000000000000e+02 8.135976470560148982e-09
1.340000000000000000e+02 8.062940771101613281e-09
1.350000000000000000e+02 7.988330445029971728e-09
1.360000000000000000e+02 7.912256741852500851e-09
1.370000000000000000e+02 7.834834709016957482e-09
1.380000000000000000e+02 7.756183221342003208e-09
1.390000000000000000e+02 7.676425010425672141e-09
1.400000000000000000e+02 7.595686694053805592e-09
1.410000000000000000e+02 7.514098805627351443e-09
1.420000000000000000e+02 7.431795823570824461e-09
1.430000000000000000e+02 7.348916200743880134e-09
1.440000000000000000e+02 7.265602295825805220e-09
1.450000000000000000e+02 7.182000097741280193e-09
1.460000000000000000e+02 7.098259529854520051e-09
1.470000000000000000e+02 7.014534574156436644e-09
1.480000000000000000e+02 6.930983300129577640e-09
1.490000000000000000e+02 6.847767893572252402e-09
1.500000000000000000e+02 6.765054685485468999e-09
1.510000000000000000e+02 6.683014180893911829e-09
1.520000000000000000e+02 6.601821087710881418e-09
1.530000000000000000e+02 6.521654345587559142e-09
1.540000000000000000e+02 6.442697154765378011e-09
1.550000000000000000e+02 6.365137004922137490e-09
1.560000000000000000e+02 6.289165704030661681e-09
1.570000000000000000e+02 6.214979407208058261e-09
1.580000000000000000e+02 6.142778645558670156e-09
1.590000000000000000e+02 6.072768355039032712e-09
1.600000000000000000e+02 6.005157905294552860e-09
1.610000000000000000e+02 5.940119995881187272e-09
1.620000000000000000e+02 5.877663199473295986e-09
1.630000000000000000e+02 5.817748149970284699e-09
1.640000000000000000e+02 5.760327502276526085e-09
1.650000000000000000e+02 5.705345771919916318e-09
1.660000000000000000e+02 5.652739174639016942e-09
1.670000000000000000e+02 5.602435465998452394e-09
1.680000000000000000e+02 5.554353780998061486e-09
1.690000000000000000e+02 5.508404473663147817e-09
1.700000000000000000e+02 5.464488956663061112e-09
1.710000000000000000e+02 5.422499540917164068e-09
1.720000000000000000e+02 5.382319275185126595e-09
1.730000000000000000e+02 5.343821785688601648e-09
1.740000000000000000e+02 5.306871115704670202e-09
1.750000000000000000e+02 5.271321565178091359e-09
1.760000000000000000e+02 5.237017530324159813e-09
1.770000000000000000e+02 5.203793343234684271e-09
1.780000000000000000e+02 5.171473111480839958e-09
1.790000000000000000e+02 5.139870557716010366e-09
1.800000000000000000e+02 5.108819450065860094e-09
1.810000000000000000e+02 5.078267933232402386e-09
1.820000000000000000e+02 5.048191405048567569e-09
1.830000000000000000e+02 5.018562552130834291e-09
1.840000000000000000e+02 4.989351302161578805e-09
1.850000000000000000e+02 4.960524776174567540e-09
1.860000000000000000e+02 4.932047240821592441e-09
1.870000000000000000e+02 4.903880060664256725e-09
1.880000000000000000e+02 4.875981650437460317e-09
1.890000000000000000e+02 4.848307427341186438e-09
1.900000000000000000e+02 4.820809763303990345e-09
1.910000000000000000e+02 4.793437937284205853e-09
1.920000000000000000e+02 4.766138087520876648e-09
1.930000000000000000e+02 4.738853163831810421e-09
1.940000000000000000e+02 4.711522879886508223e-09
1.950000000000000000e+02 4.684083665479083066e-09
1.960000000000000000e+02 4.656468618813757452e-09
1.970000000000000000e+02 4.628607458784064415e-09
1.980000000000000000e+02 4.600426477239492782e-09
1.990000000000000000e+02 4.571848491277260524e-09
2.000000000000000000e+02 4.542792795518381607e-09
2.010000000000000000e+02 4.513196401611342226e-09
2.020000000000000000e+02 4.483079546747259534e-09
2.030000000000000000e+02 4.452484777914421361e-09
2.040000000000000000e+02 4.421456100327896203e-09
2.050000000000000000e+02 4.390038992637984148e-09
2.060000000000000000e+02 4.358280422116668104e-09
2.070000000000000000e+02 4.326228859840939112e-09
2.080000000000000000e+02 4.293934295904383946e-09
2.090000000000000000e+02 4.261448254594221365e-09
2.100000000000000000e+02 4.228823809596606450e-09
2.110000000000000000e+02 4.196115599176813455e-09
2.120000000000000000e+02 4.163379841387677637e-09
2.130000000000000000e+02 4.130674349252918085e-09
2.140000000000000000e+02 4.098058545959878832e-09
2.150000000000000000e+02 4.065593480055413255e-09
2.160000000000000000e+02 4.033341840641761853e-09
2.170000000000000000e+02 4.001367972563019192e-09
2.180000000000000000e+02 3.969737891607296606e-09
2.190000000000000000e+02 3.938519299693182525e-09
2.200000000000000000e+02 3.907781600059340300e-09
2.210000000000000000e+02 3.877595912466677515e-09
2.220000000000000000e+02 3.848035088387946299e-09
2.230000000000000000e+02 3.819173726206767700e-09
2.240000000000000000e+02 3.791073511738921357e-09
2.250000000000000000e+02 3.763738161318873048e-09
2.260000000000000000e+02 3.737155610863263506e-09
2.270000000000000000e+02 3.711312410485093723e-09
2.280000000000000000e+02 3.686193704745670012e-09
2.290000000000000000e+02 3.661783212903410748e-09
2.300000000000000000e+02 3.638063209178359613e-09
2.310000000000000000e+02 3.615014502997855669e-09
2.320000000000000000e+02 3.592616419245334717e-09
2.330000000000000000e+02 3.570846778521706295e-09
2.340000000000000000e+02 3.549681877400444499e-09
2.350000000000000000e+02 3.529096468676392666e-09
2.360000000000000000e+02 3.509063741617710084e-09
2.370000000000000000e+02 3.489555302224111076e-09
2.380000000000000000e+02 3.470541153478804687e-09
2.390000000000000000e+02 3.451989675600450911e-09
2.400000000000000000e+02 3.433867606298244084e-09
2.410000000000000000e+02 3.416140021023868693e-09
2.420000000000000000e+02 3.398770313232865620e-09
2.430000000000000000e+02 3.381720174620876486e-09
2.440000000000000000e+02 3.364949575394443470e-09
2.450000000000000000e+02 3.348416744519811500e-09
2.460000000000000000e+02 3.332078149968597086e-09
2.470000000000000000e+02 3.315888478982304042e-09
2.480000000000000000e+02 3.299800618317984877e-09
2.490000000000000000e+02 3.283765634509619021e-09
2.500000000000000000e+02 3.267742216898722549e-09
2.510000000000000000e+02 3.251725651883658749e-09
2.520000000000000000e+02 3.235720482772894017e-09
2.530000000000000000e+02 3.219731195858125082e-09
2.540000000000000000e+02 3.203762218755525041e-09
2.550000000000000000e+02 3.187817918750122751e-09
2.560000000000000000e+02 3.171902601162169920e-09
2.570000000000000000e+02 3.156020507682104703e-09
2.580000000000000000e+02 3.140175814721207746e-09
2.590000000000000000e+02 3.124372631772641401e-09
2.600000000000000000e+02 3.108614999749852334e-09
2.610000000000000000e+02 3.092906889341013976e-09
2.620000000000000000e+02 3.077252199357483092e-09
2.630000000000000000e+02 3.061654755084786691e-09
2.640000000000000000e+02 3.046118306630765092e-09
2.650000000000000000e+02 3.030646527276238714e-09
2.660000000000000000e+02 3.015243011825044144e-09
2.670000000000000000e+02 2.999911274952498147e-09
2.680000000000000000e+02 2.984654749556060738e-09
2.690000000000000000e+02 2.969476785104744656e-09
2.700000000000000000e+02 2.954380645988835037e-09
2.710000000000000000e+02 2.939369509869923825e-09
2.720000000000000000e+02 2.924446466030320080e-09
2.730000000000000000e+02 2.909614513721825832e-09
2.740000000000000000e+02 2.894876560517974932e-09
2.750000000000000000e+02 2.880235420660920040e-09
2.760000000000000000e+02 2.865693813412732627e-09
2.770000000000000000e+02 2.851254361405118510e-09
2.780000000000000000e+02 2.836919588988199080e-09
2.790000000000000000e+02 2.822691826669233584e-09
2.800000000000000000e+02 2.808572922340874120e-09
2.810000000000000000e+02 2.794564511876596475e-09
2.820000000000000000e+02 2.780668109909533460e-09
2.830000000000000000e+02 2.766885108036111180e-09
2.840000000000000000e+02 2.753216773023142909e-09
2.850000000000000000e+02 2.739664245013034936e-09
2.860000000000000000e+02 2.726228535728999022e-09
2.870000000000000000e+02 2.712910526679942669e-09
2.880000000000000000e+02 2.699710967366933104e-09
2.890000000000000000e+02 2.686630473488097064e-09
2.900000000000000000e+02 2.673669525143823325e-09
2.910000000000000000e+02 2.660828465042598860e-09
2.920000000000000000e+02 2.648107496707163035e-09
2.930000000000000000e+02 2.635506682678459035e-09
2.940000000000000000e+02 2.623025942721779796e-09
2.950000000000000000e+02 2.610665052032609119e-09
2.960000000000000000e+02 2.598423639441515661e-09
2.970000000000000000e+02 2.586301185619983716e-09
2.980000000000000000e+02 2.574297021285629393e-09
2.990000000000000000e+02 2.562410325407715820e-09
3.000000000000000000e+02 2.550640123412051278e-09
3.010000000000000000e+02 2.538985285388396994e-09
3.020000000000000000e+02 2.527444524292843611e-09
3.030000000000000000e+02 2.516016394156164449e-09
3.040000000000000000e+02 2.504699288287450533e-09
3.050000000000000000e+02 2.493491437480266037e-09
3.060000000000000000e+02 2.482390908217847504e-09
3.070000000000000000e+02 2.471395600879265497e-09
3.080000000000000000e+02 2.460503247943680008e-09
3.090000000000000000e+02 2.449711412196811057e-09
3.100000000000000000e+02 2.439017484935203618e-09
3.110000000000000000e+02 2.428418684173319842e-09
3.120000000000000000e+02 2.417912632708837741e-09
3.130000000000000000e+02 2.407499125646458544e-09
3.140000000000000000e+02 2.397178441381870837e-09
3.150000000000000000e+02 2.386950768055946301e-09
3.160000000000000000e+02 2.376816202473093528e-09
3.170000000000000000e+02 2.366774749020232638e-09
3.180000000000000000e+02 2.356826318582946308e-09
3.190000000000000000e+02 2.346970727465715015e-09
3.200000000000000000e+02 2.337207696308065584e-09
3.210000000000000000e+02 2.327536849002925421e-09
3.220000000000000000e+02 2.317957711615281140e-09
3.230000000000000000e+02 2.308469711299902072e-09
3.240000000000000000e+02 2.299072175219062524e-09
3.250000000000000000e+02 2.289764329460576720e-09
3.260000000000000000e+02 2.280545297955832496e-09
3.270000000000000000e+02 2.271414101397828716e-09
3.280000000000000000e+02 2.262369656159524959e-09
3.290000000000000000e+02 2.253410773210619548e-09
3.300000000000000000e+02 2.244536157037155722e-09
3.310000000000000000e+02 2.235744404558302152e-09
3.320000000000000000e+02 2.227034004045014054e-09
3.330000000000000000e+02 2.218403334037755868e-09
3.340000000000000000e+02 2.209850662263910844e-09
3.350000000000000000e+02 2.201374144557068333e-09
3.360000000000000000e+02 2.192971823773805957e-09
3.370000000000000000e+02 2.184641628712666297e-09
3.380000000000000000e+02 2.176381373030937817e-09
3.390000000000000000e+02 2.168188754164258556e-09
3.400000000000000000e+02 2.160061352242452416e-09
3.410000000000000000e+02 2.151996629009452554e-09
3.420000000000000000e+02 2.143991926741019510e-09
3.430000000000000000e+02 2.136044467161522135e-09
3.440000000000000000e+02 2.128151350362915106e-09
3.450000000000000000e+02 2.120309553722459119e-09
3.460000000000000000e+02 2.112515930821071807e-09
3.470000000000000000e+02 2.104767210360420110e-09
3.480000000000000000e+02 2.097059995081899021e-09
3.490000000000000000e+02 2.089391474029459902e-09
3.500000000000000000e+02 2.081761594209145672e-09
3.510000000000000000e+02 2.074170977014791099e-09
3.520000000000000000e+02 2.066620212644210574e-09
3.530000000000000000e+02 2.059109859716247822e-09
3.540000000000000000e+02 2.051640444890635946e-09
3.550000000000000000e+02 2.044212462485983502e-09
3.560000000000000000e+02 2.036826374099013338e-09
3.570000000000000000e+02 2.029482608223798949e-09
3.580000000000000000e+02 2.022181559869120238e-09
3.590000000000000000e+02 2.014923590178960912e-09
3.600000000000000000e+02 2.007709026049231444e-09
3.610000000000000000e+02 2.000538159749206979e-09
3.620000000000000000e+02 1.993411248537627013e-09
3.630000000000000000e+02 1.986328514283503399e-09
3.640000000000000000e+02 1.979290143083476103e-09
3.650000000000000000e+02 1.972296284881677394e-09
3.660000000000000000e+02 1.965347053087718331e-09
3.670000000000000000e+02 1.958442524195923048e-09
3.680000000000000000e+02 1.951582737403629571e-09
3.690000000000000000e+02 1.944767694230740089e-09
3.700000000000000000e+02 1.937997358137705373e-09
3.710000000000000000e+02 1.931271654144761133e-09
3.720000000000000000e+02 1.924590468450226348e-09
3.730000000000000000e+02 1.917953648050685922e-09
3.740000000000000000e+02 1.911361000357084578e-09
3.750000000000000000e+02 1.904812292816796721e-09
3.760000000000000000e+02 1.898307252529406835e-09
3.770000000000000000e+02 1.891845565867522035e-09
3.780000000000000000e+02 1.885426878094437186e-09
3.790000000000000000e+02 1.879050792983689731e-09
3.800000000000000000e+02 1.872716872437672765e-09
3.810000000000000000e+02 1.866424636104982936e-09
3.820000000000000000e+02 1.860173561001864135e-09
3.830000000000000000e+02 1.853963081128616959e-09
3.840000000000000000e+02 1.847792587089465799e-09
3.850000000000000000e+02 1.841661425711483756e-09
3.860000000000000000e+02 1.835568899662574377e-09
3.870000000000000000e+02 1.829514267070712968e-09
3.880000000000000000e+02 1.823496913541850327e-09
3.890000000000000000e+02 1.817516876080491629e-09
3.900000000000000000e+02 1.811574338019616371e-09
3.910000000000000000e+02 1.805669458145684927e-09
3.920000000000000000e+02 1.799802370456420622e-09
3.930000000000000000e+02 1.793973183914823183e-09
3.940000000000000000e+02 1.788181982207579880e-09
3.950000000000000000e+02 1.782428823498451350e-09
3.960000000000000000e+02 1.776713740185426257e-09
3.970000000000000000e+02 1.771036738655989777e-09
3.980000000000000000e+02 1.765397799043339819e-09
3.990000000000000000e+02 1.759796874982593741e-09
4.000000000000000000e+02 1.754233893365122116e-09
4.010000000000000000e+02 1.748708754096640591e-09
4.020000000000000000e+02 1.743221329850597775e-09
4.030000000000000000e+02 1.737771465825958762e-09
4.040000000000000000e+02 1.732358979502158668e-09
4.050000000000000000e+02 1.726983660395318026e-09
4.060000000000000000e+02 1.721645269813824151e-09
4.070000000000000000e+02 1.716343540613602518e-09
4.080000000000000000e+02 1.711078176955269976e-09
4.090000000000000000e+02 1.705848854059408195e-09
4.100000000000000000e+02 1.700655217961830491e-09
4.110000000000000000e+02 1.695496885270109074e-09
4.120000000000000000e+02 1.690373442919158893e-09
4.130000000000000000e+02 1.685284447926824376e-09
4.140000000000000000e+02 1.680229427150715419e-09
4.150000000000000000e+02 1.675207877042852796e-09
4.160000000000000000e+02 1.670219263406192719e-09
4.170000000000000000e+02 1.665263021149899656e-09
4.180000000000000000e+02 1.660338554046182535e-09
4.190000000000000000e+02 1.655445234484940355e-09
4.200000000000000000e+02 1.650582403230600040e-09
4.210000000000000000e+02 1.645749369177388851e-09
4.220000000000000000e+02 1.640945409105545439e-09
4.230000000000000000e+02 1.636169767436589156e-09
4.240000000000000000e+02 1.631421655989848749e-09
4.250000000000000000e+02 1.626700253738043306e-09
4.260000000000000000e+02 1.622004706562556123e-09
4.270000000000000000e+02 1.617334299848132910e-09
4.280000000000000000e+02 1.612688983227818548e-09
4.290000000000000000e+02 1.608068863210399936e-09
4.300000000000000000e+02 1.603474031825063395e-09
4.310000000000000000e+02 1.598904566490706537e-09
4.320000000000000000e+02 1.594360529885557439e-09
4.330000000000000000e+02 1.589841969816488378e-09
4.340000000000000000e+02 1.585348919088009653e-09
4.350000000000000000e+02 1.580881395371580217e-09
4.360000000000000000e+02 1.576439401075231401e-09
4.370000000000000000e+02 1.572022923213502894e-09
4.380000000000000000e+02 1.567631933275185455e-09
4.390000000000000000e+02 1.563266387093570189e-09
4.400000000000000000e+02 1.558926224716702168e-09
4.410000000000000000e+02 1.554611370275119003e-09
4.420000000000000000e+02 1.550321731851160037e-09
4.430000000000000000e+02 1.546057201350476235e-09
4.440000000000000000e+02 1.541817654368511454e-09
4.450000000000000000e+02 1.537602950061698424e-09
4.460000000000000000e+02 1.533412931016452984e-09
4.470000000000000000e+02 1.529247423118170387e-09
4.480000000000000000e+02 1.525106235420535107e-09
4.490000000000000000e+02 1.520989160014830230e-09
4.500000000000000000e+02 1.516895971899875918e-09
4.510000000000000000e+02 1.512826428851024267e-09
4.520000000000000000e+02 1.508780271289155606e-09
4.530000000000000000e+02 1.504757222149988932e-09
4.540000000000000000e+02 1.500756986754017677e-09
4.550000000000000000e+02 1.496779252675507465e-09
4.560000000000000000e+02 1.492823689611490345e-09
4.570000000000000000e+02 1.488889949252018828e-09
4.580000000000000000e+02 1.484977665148216512e-09
4.590000000000000000e+02 1.481086452582846033e-09
4.600000000000000000e+02 1.477215908438676298e-09
4.610000000000000000e+02 1.473365611068419915e-09
4.620000000000000000e+02 1.469535120163729493e-09
4.630000000000000000e+02 1.465723976625135700e-09
4.640000000000000000e+02 1.461931702430098711e-09
4.650000000000000000e+02 1.458157800503576576e-09
4.660000000000000000e+02 1.454401858126060451e-09
4.670000000000000000e+02 1.450663860971573739e-09
4.680000000000000000e+02 1.446943888610689497e-09
4.690000000000000000e+02 1.443242011783277253e-09
4.700000000000000000e+02 1.439558292323734774e-09
4.710000000000000000e+02 1.435892783089986189e-09
4.720000000000000000e+02 1.432245527887143970e-09
4.730000000000000000e+02 1.428616561396191078e-09
4.740000000000000000e+02 1.425005909099213964e-09
4.750000000000000000e+02 1.421413587205888346e-09
4.760000000000000000e+02 1.417839602579966005e-09
4.770000000000000000e+02 1.414283952665760976e-09
4.780000000000000000e+02 1.410746625415579751e-09
4.790000000000000000e+02 1.407227599214008401e-09
4.800000000000000000e+02 1.403726842805969370e-09
4.810000000000000000e+02 1.400244315222581901e-09
4.820000000000000000e+02 1.396779965708274804e-09
4.830000000000000000e+02 1.393333733645389360e-09
4.840000000000000000e+02 1.389905548483493427e-09
4.850000000000000000e+02 1.386495329662412909e-09
4.860000000000000000e+02 1.383102986541858531e-09
4.870000000000000000e+02 1.379728418325087001e-09
4.880000000000000000e+02 1.376371513988213873e-09
4.890000000000000000e+02 1.373032152203244599e-09
4.900000000000000000e+02 1.369710201267704623e-09
4.910000000000000000e+02 1.366405519028609069e-09
4.920000000000000000e+02 1.363117952810839246e-09
4.930000000000000000e+02 1.359847339342054495e-09
4.940000000000000000e+02 1.356593504680124053e-09
4.950000000000000000e+02 1.353356264138669212e-09
4.960000000000000000e+02 1.350135422214494767e-09
4.970000000000000000e+02 1.346930772512816852e-09
4.980000000000000000e+02 1.343742097674694177e-09
4.990000000000000000e+02 1.340569169303512971e-09
5.000000000000000000e+02 1.337411747890218540e-09
5.010000000000000000e+02 1.334269582741057942e-09
5.020000000000000000e+02 1.331142411903438128e-09
5.030000000000000000e+02 1.328029962092099251e-09
5.040000000000000000e+02 1.324931948615915382e-09
5.050000000000000000e+02 1.321848132752800090e-09
5.060000000000000000e+02 1.318778495841692758e-09
5.070000000000000000e+02 1.315723070060671535e-09
5.080000000000000000e+02 1.312681881385994014e-09
5.090000000000000000e+02 1.309654949544977713e-09
5.100000000000000000e+02 1.306642287970444346e-09
5.110000000000000000e+02 1.303643903752026181e-09
5.120000000000000000e+02 1.300659797592182984e-09
5.130000000000000000e+02 1.297689963757822711e-09
5.140000000000000000e+02 1.294734390034118769e-09
5.150000000000000000e+02 1.291793057678015229e-09
5.160000000000000000e+02 1.288865941371417091e-09
5.170000000000000000e+02 1.285953009175636618e-09
5.180000000000000000e+02 1.283054222482699075e-09
5.190000000000000000e+02 1.280169535971046793e-09
5.200000000000000000e+02 1.277298897557471293e-09
5.210000000000000000e+02 1.274442248350619529e-09
5.220000000000000000e+02 1.271599522605439602e-09
5.230000000000000000e+02 1.268770647674800007e-09
5.240000000000000000e+02 1.265955543964881015e-09
5.250000000000000000e+02 1.263154124887418856e-09
5.260000000000000000e+02 1.260366296812900108e-09
5.270000000000000000e+02 1.257591959025005977e-09
5.280000000000000000e+02 1.254831003672546062e-09
5.290000000000000000e+02 1.252083315724535010e-09
5.300000000000000000e+02 1.249348772922124426e-09
5.310000000000000000e+02 1.246627245733365402e-09
5.320000000000000000e+02 1.243918597304826930e-09
5.330000000000000000e+02 1.241222683417614085e-09
5.340000000000000000e+02 1.238539352437416865e-09
5.350000000000000000e+02 1.235868445270841881e-09
5.360000000000000000e+02 1.233209795317345506e-09
5.370000000000000000e+02 1.230563228423053010e-09
5.380000000000000000e+02 1.227928562834263349e-09
5.390000000000000000e+02 1.225305609150010158e-09
5.400000000000000000e+02 1.222694170277137361e-09
5.410000000000000000e+02 1.220094041381291408e-09
5.420000000000000000e+02 1.217505009843250275e-09
5.430000000000000000e+02 1.214926855209290562e-09
5.440000000000000000e+02 1.212359392684334172e-09
5.450000000000000000e+02 1.209802604974856421e-09
5.460000000000000000e+02 1.207256513880996800e-09
5.470000000000000000e+02 1.204721137049709658e-09
5.480000000000000000e+02 1.202196487945547356e-09
5.490000000000000000e+02 1.199682575821755891e-09
5.500000000000000000e+02 1.197179405692003928e-09
5.510000000000000000e+02 1.194686978300534814e-09
5.520000000000000000e+02 1.192205290092949737e-09
5.530000000000000000e+02 1.189734333188564168e-09
5.540000000000000000e+02 1.187274095350246592e-09
5.550000000000000000e+02 1.184824559955829481e-09
5.560000000000000000e+02 1.182385705968895350e-09
5.570000000000000000e+02 1.179957507910498138e-09
5.580000000000000000e+02 1.177539935829008753e-09
5.590000000000000000e+02 1.175132955272779439e-09
5.600000000000000000e+02 1.172736527259357355e-09
5.610000000000000000e+02 1.170350608248153704e-09
5.620000000000000000e+02 1.167975150109968739e-09
5.630000000000000000e+02 1.165610100099032856e-09
5.640000000000000000e+02 1.163255400823788919e-09
5.650000000000000000e+02 1.160910990217675412e-09
5.660000000000000000e+02 1.158576801510853410e-09
5.670000000000000000e+02 1.156252763200045501e-09
5.680000000000000000e+02 1.153938799020577083e-09
5.690000000000000000e+02 1.151634827916530035e-09
5.700000000000000000e+02 1.149340764013411426e-09
5.710000000000000000e+02 1.147056516587052146e-09
5.720000000000000000e+02 1.144781990035646546e-09
5.730000000000000000e+02 1.142517083851476513e-09
5.740000000000000000e+02 1.140261692590441852e-09
5.750000000000000000e+02 1.138015705844094762e-09
5.760000000000000000e+02 1.135779008210742073e-09
5.770000000000000000e+02 1.133551479265912005e-09
5.780000000000000000e+02 1.131332993533136904e-09
5.790000000000000000e+02 1.129123420455994334e-09
5.800000000000000000e+02 1.126922624368890022e-09
5.810000000000000000e+02 1.124730464467211113e-09
5.820000000000000000e+02 1.122546794778740878e-09
5.830000000000000000e+02 1.120371492934674840e-09
5.840000000000000000e+02 1.118204547328399694e-09
5.850000000000000000e+02 1.116045972075718680e-09
5.860000000000000000e+02 1.113895778395259757e-09
5.870000000000000000e+02 1.111753974588366635e-09
5.880000000000000000e+02 1.109620566020566624e-09
5.890000000000000000e+02 1.107495555103345568e-09
5.900000000000000000e+02 1.105378941274672291e-09
5.910000000000000000e+02 1.103270720980149012e-09
5.920000000000000000e+02 1.101170887654790005e-09
5.930000000000000000e+02 1.099079431703542528e-09
5.940000000000000000e+02 1.096996340483066931e-09
5.950000000000000000e+02 1.094921598282258824e-09
5.960000000000000000e+02 1.092855186303712378e-09
5.970000000000000000e+02 1.090797082645185684e-09
5.980000000000000000e+02 1.088747262280123962e-09
5.990000000000000000e+02 1.086705697040065015e-09
6.000000000000000000e+02 1.084672355593904704e-09
6.010000000000000000e+02 1.082647203430620248e-09
6.020000000000000000e+02 1.080630202840417746e-09
6.030000000000000000e+02 1.078621312894314049e-09
6.040000000000000000e+02 1.076620489427799943e-09
6.050000000000000000e+02 1.074627685019162224e-09
6.060000000000000000e+02 1.072642848973777407e-09
6.070000000000000000e+02 1.070665927302432346e-09
6.080000000000000000e+02 1.068696862704048990e-09
6.090000000000000000e+02 1.066735594546830861e-09
6.100000000000000000e+02 1.064782058848787919e-09
6.110000000000000000e+02 1.062836188259200477e-09
6.120000000000000000e+02 1.060897912040397238e-09
6.130000000000000000e+02 1.058967156047650051e-09
6.140000000000000000e+02 1.057043842711894935e-09
6.150000000000000000e+02 1.055127891019310851e-09
6.160000000000000000e+02 1.053219216493728671e-09
6.170000000000000000e+02 1.051317731177151078e-09
6.180000000000000000e+02 1.049423343611218544e-09
6.190000000000000000e+02 1.047535958818359341e-09
6.200000000000000000e+02 1.045655478282626236e-09
6.210000000000000000e+02 1.043781799931474748e-09
6.220000000000000000e+02 1.041914837673642855e-09
6.230000000000000000e+02 1.040054580554710497e-09
6.240000000000000000e+02 1.038201034951167756e-09
6.250000000000000000e+02 1.036354205123958040e-09
6.260000000000000000e+02 1.034514093207792973e-09
6.270000000000000000e+02 1.032680699196389083e-09
6.280000000000000000e+02 1.030854020930844057e-09
6.290000000000000000e+02 1.029034054086755879e-09
6.300000000000000000e+02 1.027220792161970016e-09
6.310000000000000000e+02 1.025414226461814859e-09
6.320000000000000000e+02 1.023614346088733224e-09
6.330000000000000000e+02 1.021821137928147076e-09
6.340000000000000000e+02 1.020034586636203469e-09
6.350000000000000000e+02 1.018254674626581633e-09
6.360000000000000000e+02 1.016481382058238089e-09
6.370000000000000000e+02 1.014714686821586734e-09
6.380000000000000000e+02 1.012954564527814979e-09
6.390000000000000000e+02 1.011200988493491776e-09
6.400000000000000000e+02 1.009453929729884993e-09
6.410000000000000000e+02 1.007713356929453767e-09
6.420000000000000000e+02 1.005979236452022589e-09
6.430000000000000000e+02 1.004251532314732712e-09
6.440000000000000000e+02 1.002530206176016567e-09
6.450000000000000000e+02 1.000815217324916583e-09
6.460000000000000000e+02 9.991065226678931013e-10
6.470000000000000000e+02 9.974040767159408360e-10
6.480000000000000000e+02 9.957078315713955458e-10
6.490000000000000000e+02 9.940177369163107010e-10
6.500000000000000000e+02 9.923337399983180708e-10
6.510000000000000000e+02 9.906557856190074902e-10
6.520000000000000000e+02 9.889838161194718791e-10
6.530000000000000000e+02 9.873177713705698786e-10
6.540000000000000000e+02 9.856575887565906884e-10
6.550000000000000000e+02 9.840032031648851511e-10
6.560000000000000000e+02 9.823545469729848954e-10
6.570000000000000000e+02 9.807115500341523183e-10
6.580000000000000000e+02 9.790741396660715785e-10
6.590000000000000000e+02 9.774422406382791733e-10
6.600000000000000000e+02 9.758157751580299034e-10
6.610000000000000000e+02 9.741946777309708771e-10
6.620000000000000000e+02 9.725789401255010823e-10
6.630000000000000000e+02 9.709685673735092846e-10
6.640000000000000000e+02 9.693635629810129180e-10
6.650000000000000000e+02 9.677639289181047386e-10
6.660000000000000000e+02 9.661696656101563795e-10
6.670000000000000000e+02 9.645807719299646840e-10
6.680000000000000000e+02 9.629972451886398978e-10
6.690000000000000000e+02 9.614190811274397421e-10
6.700000000000000000e+02 9.598462739077139991e-10
6.710000000000000000e+02 9.582788161036797098e-10
6.720000000000000000e+02 9.567166986929975189e-10
6.730000000000000000e+02 9.551599110482872830e-10
6.740000000000000000e+02 9.536084409283339005e-10
6.750000000000000000e+02 9.520622744692881772e-10
6.760000000000000000e+02 9.505213961765015201e-10
6.770000000000000000e+02 9.489857889147850582e-10
6.780000000000000000e+02 9.474554339011842203e-10
6.790000000000000000e+02 9.459303106949270423e-10
6.800000000000000000e+02 9.444103971895682269e-10
6.810000000000000000e+02 9.428956696041937316e-10
6.820000000000000000e+02 9.413861024739960796e-10
6.830000000000000000e+02 9.398816686424200737e-10
6.840000000000000000e+02 9.383823392526804718e-10
6.850000000000000000e+02 9.368880837377092616e-10
6.860000000000000000e+02 9.353988698132435325e-10
6.870000000000000000e+02 9.339146634674588343e-10
6.880000000000000000e+02 9.324354289534290125e-10
6.890000000000000000e+02 9.309611287800153309e-10
6.900000000000000000e+02 9.294917237033850784e-10
6.910000000000000000e+02 9.280271727179006917e-10
6.920000000000000000e+02 9.265674330476356741e-10
6.930000000000000000e+02 9.251124601378951665e-10
6.940000000000000000e+02 9.236622076464175381e-10
6.950000000000000000e+02 9.222166274342644388e-10
6.960000000000000000e+02 9.207756695582807386e-10
6.970000000000000000e+02 9.193392822604132468e-10
6.980000000000000000e+02 9.179074119611139473e-10
6.990000000000000000e+02 9.164800032495991195e-10
7.000000000000000000e+02 9.150570092454528350e-10
7.010000000000000000e+02 9.136384229378969200e-10
7.020000000000000000e+02 9.122242464830063856e-10
7.030000000000000000e+02 9.108144808851483776e-10
7.040000000000000000e+02 9.094091259916415884e-10
7.050000000000000000e+02 9.080081804855302138e-10
7.060000000000000000e+02 9.066116418811861440e-10
7.070000000000000000e+02 9.052195065167692119e-10
7.080000000000000000e+02 9.038317695479434131e-10
7.090000000000000000e+02 9.024484249434789922e-10
7.100000000000000000e+02 9.010694654764564120e-10
7.110000000000000000e+02 8.996948827204959602e-10
7.120000000000000000e+02 8.983246670422176882e-10
7.130000000000000000e+02 8.969588075952728894e-10
7.140000000000000000e+02 8.955972923153181497e-10
7.150000000000000000e+02 8.942401079115306458e-10
7.160000000000000000e+02 8.928872398631553899e-10
7.170000000000000000e+02 8.915386724113353737e-10
7.180000000000000000e+02 8.901943885540851019e-10
7.190000000000000000e+02 8.888543700393799118e-10
7.200000000000000000e+02 8.875185973595001258e-10
7.210000000000000000e+02 8.861870497444337691e-10
7.220000000000000000e+02 8.848597051568516543e-10
7.230000000000000000e+02 8.835365402839364914e-10
7.240000000000000000e+02 8.822175305336153899e-10
7.250000000000000000e+02 8.809026500263906236e-10
7.260000000000000000e+02 8.795918715899990419e-10
7.270000000000000000e+02 8.782851667534428246e-10
7.280000000000000000e+02 8.769825057407069418e-10
7.290000000000000000e+02 8.756838574644756829e-10
7.300000000000000000e+02 8.743891895201627910e-10
7.310000000000000000e+02 8.730984681790016093e-10
7.320000000000000000e+02 8.718116583833312893e-10
7.330000000000000000e+02 8.705287237390576601e-10
7.340000000000000000e+02 8.692496265103122257e-10
7.350000000000000000e+02 8.679743276128544702e-10
7.360000000000000000e+02 8.667027866084188012e-10
7.370000000000000000e+02 8.654349616978000440e-10
7.380000000000000000e+02 8.641708097155154384e-10
7.390000000000000000e+02 8.629102941414929637e-10
7.400000000000000000e+02 8.616534093230650707e-10
7.410000000000000000e+02 8.604001567179300699e-10
7.420000000000000000e+02 8.591505369170223790e-10
7.430000000000000000e+02 8.579045496382260529e-10
7.440000000000000000e+02 8.566621937226086309e-10
7.450000000000000000e+02 8.554234671303333132e-10
7.460000000000000000e+02 8.541883669359490981e-10
7.470000000000000000e+02 8.529568893233634884e-10
7.480000000000000000e+02 8.517290295833291029e-10
7.490000000000000000e+02 8.505047821062182540e-10
7.500000000000000000e+02 8.492841403810795480e-10
7.510000000000000000e+02 8.480670969874721652e-10
7.520000000000000000e+02 8.468536435945196683e-10
7.530000000000000000e+02 8.456437709543163392e-10
7.540000000000000000e+02 8.444374688978409066e-10
7.550000000000000000e+02 8.432347263318153279e-10
7.560000000000000000e+02 8.420355312324220419e-10
7.570000000000000000e+02 8.408398706427907875e-10
7.580000000000000000e+02 8.396477306673427563e-10
7.590000000000000000e+02 8.384590964673936106e-10
7.600000000000000000e+02 8.372739522573824703e-10
7.610000000000000000e+02 8.360922813004748277e-10
7.620000000000000000e+02 8.349140659035346334e-10
7.630000000000000000e+02 8.337392874130415399e-10
7.640000000000000000e+02 8.325679262116344234e-10
7.650000000000000000e+02 8.313999617111999803e-10
7.660000000000000000e+02 8.302353723516160327e-10
7.670000000000000000e+02 8.290741355941546594e-10
7.680000000000000000e+02 8.279162279180254087e-10
7.690000000000000000e+02 8.267616248150361572e-10
7.700000000000000000e+02 8.256103007870781708e-10
7.710000000000000000e+02 8.244622293395297527e-10
7.720000000000000000e+02 8.233173829784286304e-10
7.730000000000000000e+02 8.221757332051314702e-10
7.740000000000000000e+02 8.210372505125429680e-10
7.750000000000000000e+02 8.199019043807193840e-10
7.760000000000000000e+02 8.187696632715259906e-10
7.770000000000000000e+02 8.176404946254960600e-10
7.780000000000000000e+02 8.165143708157787894e-10
7.790000000000000000e+02 8.153912871431794204e-10
7.800000000000000000e+02 8.142712441694144901e-10
7.810000000000000000e+02 8.131542417864139888e-10
7.820000000000000000e+02 8.120402792128629179e-10
7.830000000000000000e+02 8.109293549904345163e-10
7.840000000000000000e+02 8.098214669812747006e-10
7.850000000000000000e+02 8.087166123645477589e-10
7.860000000000000000e+02 8.076147876326653378e-10
7.870000000000000000e+02 8.065159885894021249e-10
7.880000000000000000e+02 8.054202103448688656e-10
7.890000000000000000e+02 8.043274473145710315e-10
7.900000000000000000e+02 8.032376932134378168e-10
7.910000000000000000e+02 8.021509410548816346e-10
7.920000000000000000e+02 8.010671831467129815e-10
7.930000000000000000e+02 7.999864110879985990e-10
7.940000000000000000e+02 7.989086157659206688e-10
7.950000000000000000e+02 7.978337873516926085e-10
7.960000000000000000e+02 7.967619152989881520e-10
7.970000000000000000e+02 7.956929883395425069e-10
7.980000000000000000e+02 7.946269944803253608e-10
7.990000000000000000e+02 7.935639210000858516e-10
8.000000000000000000e+02 7.925037544462103150e-10
8.010000000000000000e+02 7.914464806322084827e-10
8.020000000000000000e+02 7.903920846330023789e-10
8.030000000000000000e+02 7.893405507830397274e-10
8.040000000000000000e+02 7.882918626725256275e-10
8.050000000000000000e+02 7.872460031445945269e-10
8.060000000000000000e+02 7.862029542912255000e-10
8.070000000000000000e+02 7.851626974513584479e-10
8.080000000000000000e+02 7.841252132061806162e-10
8.090000000000000000e+02 7.830904813772426914e-10
8.100000000000000000e+02 7.820584810220594406e-10
8.110000000000000000e+02 7.810291904319118924e-10
8.120000000000000000e+02 7.800025871280754974e-10
8.130000000000000000e+02 7.789786478589954092e-10
8.140000000000000000e+02 7.779573485958857802e-10
8.150000000000000000e+02 7.769386645317886372e-10
8.160000000000000000e+02 7.759225700762326726e-10
8.170000000000000000e+02 7.749090435069898148e-10
8.180000000000000000e+02 7.738980810239891246e-10
8.190000000000000000e+02 7.728896829398194671e-10
8.200000000000000000e+02 7.718838490461931452e-10
8.210000000000000000e+02 7.708805786111189062e-10
8.220000000000000000e+02 7.698798703776458683e-10
8.230000000000000000e+02 7.688817225600926110e-10
8.240000000000000000e+02 7.678861328424768757e-10
8.250000000000000000e+02 7.668930983763168167e-10
8.260000000000000000e+02 7.659026157771746269e-10
8.270000000000000000e+02 7.649146811233999469e-10
8.280000000000000000e+02 7.639292899533031819e-10
8.290000000000000000e+02 7.629464372629556156e-10
8.300000000000000000e+02 7.619661175033618990e-10
8.310000000000000000e+02 7.609883245782615088e-10
8.320000000000000000e+02 7.600130518422436019e-10
8.330000000000000000e+02 7.590402920979192990e-10
8.340000000000000000e+02 7.580700375930950015e-10
8.350000000000000000e+02 7.571022800198284751e-10
8.360000000000000000e+02 7.561370105103460928e-10
8.370000000000000000e+02 7.551742196354719161e-10
8.380000000000000000e+02 7.542138974024278074e-10
8.390000000000000000e+02 7.532560332526351982e-10
8.400000000000000000e+02 7.523006160582588180e-10
8.410000000000000000e+02 7.513476341206357747e-10
8.420000000000000000e+02 7.503970751683911343e-10
8.430000000000000000e+02 7.494489263530390775e-10
8.440000000000000000e+02 7.485031742496120738e-10
8.450000000000000000e+02 7.475598048516328644e-10
8.460000000000000000e+02 7.466188035701738544e-10
8.470000000000000000e+02 7.456801552307140332e-10
8.480000000000000000e+02 7.447438440715693994e-10
8.490000000000000000e+02 7.438098537404354489e-10
8.500000000000000000e+02 7.428781672934465677e-10
8.510000000000000000e+02 7.419487671914051217e-10
8.520000000000000000e+02 7.410216352978968297e-10
8.530000000000000000e+02 7.400967528770913930e-10
8.540000000000000000e+02 7.391741005912291072e-10
8.550000000000000000e+02 7.382536584987368552e-10
8.560000000000000000e+02 7.373354096171069705e-10
8.570000000000000000e+02 7.364193506875654769e-10
8.580000000000000000e+02 7.355054815901035635e-10
8.590000000000000000e+02 7.345938017915927792e-10
8.600000000000000000e+02 7.336843103435865926e-10
8.610000000000000000e+02 7.327770058820051337e-10
8.620000000000000000e+02 7.318718866233668687e-10
8.630000000000000000e+02 7.309689503647860153e-10
8.640000000000000000e+02 7.300681944808346327e-10
8.650000000000000000e+02 7.291696159229104493e-10
8.660000000000000000e+02 7.282732112160983322e-10
8.670000000000000000e+02 7.273789764585398726e-10
8.680000000000000000e+02 7.264869073189215481e-10
8.690000000000000000e+02 7.255969990352169948e-10
8.700000000000000000e+02 7.247092464128027933e-10
8.710000000000000000e+02 7.238236438216308549e-10
8.720000000000000000e+02 7.229401851962283185e-10
8.730000000000000000e+02 7.220588640322414864e-10
8.740000000000000000e+02 7.211796733861225298e-10
8.750000000000000000e+02 7.203026058716728043e-10
8.760000000000000000e+02 7.194276536597292451e-10
8.770000000000000000e+02 7.185548084756511856e-10
8.780000000000000000e+02 7.176840615971203668e-10
8.790000000000000000e+02 7.168154038541423855e-10
8.800000000000000000e+02 7.159488256246470233e-10
8.810000000000000000e+02 7.150843168341751592e-10
8.820000000000000000e+02 7.142218669549355769e-10
8.830000000000000000e+02 7.133614650020351923e-10
8.840000000000000000e+02 7.125030995331655523e-10
8.850000000000000000e+02 7.116467586454601687e-10
8.860000000000000000e+02 7.107924299754956556e-10
8.870000000000000000e+02 7.099401006961488568e-10
8.880000000000000000e+02 7.090897575150271669e-10
8.890000000000000000e+02 7.082413866728971987e-10
8.900000000000000000e+02 7.073949739418001552e-10
8.910000000000000000e+02 7.065505046234804970e-10
8.920000000000000000e+02 7.057079635468734842e-10
8.930000000000000000e+02 7.048673350671614671e-10
8.940000000000000000e+02 7.040286030635760669e-10
8.950000000000000000e+02 7.031917538004456192e-10
8.960000000000000000e+02 7.023567845659476143e-10
8.970000000000000000e+02 7.015236951700159034e-10
8.980000000000000000e+02 7.006924850946012273e-10
8.990000000000000000e+02 6.998631534908459818e-10
9.000000000000000000e+02 6.990356991778249383e-10
9.010000000000000000e+02 6.982101206425474149e-10
9.020000000000000000e+02 6.973864160361858503e-10
9.030000000000000000e+02 6.965645831756475499e-10
9.040000000000000000e+02 6.957446195398047071e-10
9.050000000000000000e+02 6.949265222685511071e-10
9.060000000000000000e+02 6.941102881631173860e-10
9.070000000000000000e+02 6.932959136822998109e-10
9.080000000000000000e+02 6.924833949430900751e-10
9.090000000000000000e+02 6.916727277178472703e-10
9.100000000000000000e+02 6.908639074336687128e-10
9.110000000000000000e+02 6.900569291711346965e-10
9.120000000000000000e+02 6.892517876624226251e-10
9.130000000000000000e+02 6.884484772906788713e-10
9.140000000000000000e+02 6.876469920875058023e-10
9.150000000000000000e+02 6.868473257329615731e-10
9.160000000000000000e+02 6.860494715530465310e-10
9.170000000000000000e+02 6.852534225187614712e-10
9.180000000000000000e+02 6.844591712454787720e-10
9.190000000000000000e+02 6.836667099894862277e-10
9.200000000000000000e+02 6.828760306495593125e-10
9.210000000000000000e+02 6.820871247628757348e-10
9.220000000000000000e+02 6.812999835056438880e-10
9.230000000000000000e+02 6.805145976899622527e-10
9.240000000000000000e+02 6.797309577644465027e-10
9.250000000000000000e+02 6.789490538104603533e-10
9.260000000000000000e+02 6.781688755436861703e-10
9.270000000000000000e+02 6.773904123100404558e-10
9.280000000000000000e+02 6.766136530853607601e-10
9.290000000000000000e+02 6.758385864744620756e-10
9.300000000000000000e+02 6.750652007098809698e-10
9.310000000000000000e+02 6.742934836490473512e-10
9.320000000000000000e+02 6.735234227745998322e-10
9.330000000000000000e+02 6.727550051915569779e-10
9.340000000000000000e+02 6.719882198880082277e-10
9.350000000000000000e+02 6.712230645526838746e-10
9.360000000000000000e+02 6.704595388604291459e-10
9.370000000000000000e+02 6.696976422199963295e-10
9.380000000000000000e+02 6.689373737737304451e-10
9.390000000000000000e+02 6.681787323959990486e-10
9.400000000000000000e+02 6.674217166925632648e-10
9.410000000000000000e+02 6.666663249986930562e-10
9.420000000000000000e+02 6.659125553785390828e-10
9.430000000000000000e+02 6.651604056251325987e-10
9.440000000000000000e+02 6.644098732572435099e-10
9.450000000000000000e+02 6.636609555196953235e-10
9.460000000000000000e+02 6.629136493830499916e-10
9.470000000000000000e+02 6.621679515398390697e-10
9.480000000000000000e+02 6.614238584064475173e-10
9.490000000000000000e+02 6.606813661209155689e-10
9.500000000000000000e+02 6.599404705404251386e-10
9.510000000000000000e+02 6.592011672434985695e-10
9.520000000000000000e+02 6.584634515252867035e-10
9.530000000000000000e+02 6.577273183994539214e-10
9.540000000000000000e+02 6.569927625953498066e-10
9.550000000000000000e+02 6.562597785576963667e-10
9.560000000000000000e+02 6.555283604456444278e-10
9.570000000000000000e+02 6.547985021308893164e-10
9.580000000000000000e+02 6.540701971973563247e-10
9.590000000000000000e+02 6.533434389405723630e-10
9.600000000000000000e+02 6.526182203648391737e-10
9.610000000000000000e+02 6.518945341838607473e-10
9.620000000000000000e+02 6.511723728198018880e-10
9.630000000000000000e+02 6.504517284004588424e-10
9.640000000000000000e+02 6.497325927602047663e-10
9.650000000000000000e+02 6.490149574371594237e-10
9.660000000000000000e+02 6.482988136741336196e-10
9.670000000000000000e+02 6.475841524151721023e-10
9.680000000000000000e+02 6.468709643071255169e-10
9.690000000000000000e+02 6.461592396958790817e-10
9.700000000000000000e+02 6.454489686276111439e-10
9.710000000000000000e+02 6.447401408465923618e-10
9.720000000000000000e+02 6.440327457939298383e-10
9.730000000000000000e+02 6.433267744475977194e-10
9.740000000000000000e+02 6.426222248733173779e-10
9.750000000000000000e+02 6.419190967534738956e-10
9.760000000000000000e+02 6.412173895552531499e-10
9.770000000000000000e+02 6.405171025293852227e-10
9.780000000000000000e+02 6.398182347082597724e-10
9.790000000000000000e+02 6.391207849068675730e-10
9.800000000000000000e+02 6.384247517199747611e-10
9.810000000000000000e+02 6.377301335233778760e-10
9.820000000000000000e+02 6.370369284707625377e-10
9.830000000000000000e+02 6.363451344955892121e-10
9.840000000000000000e+02 6.356547493079512690e-10
9.850000000000000000e+02 6.349657703942604460e-10
9.860000000000000000e+02 6.342781950178749896e-10
9.870000000000000000e+02 6.335920202162733854e-10
9.880000000000000000e+02 6.329072428016814642e-10
9.890000000000000000e+02 6.322238593591877750e-10
9.900000000000000000e+02 6.315418662470586369e-10
9.910000000000000000e+02 6.308612595948515470e-10
9.920000000000000000e+02 6.301820353031021962e-10
9.930000000000000000e+02 6.295041890423817930e-10
9.940000000000000000e+02 6.288277162526687171e-10
9.950000000000000000e+02 6.281526121420917212e-10
9.960000000000000000e+02 6.274788716869296212e-10
9.970000000000000000e+02 6.268064896297277026e-10
9.980000000000000000e+02 6.261354604789816336e-10
9.990000000000000000e+02 6.254657785085103594e-10
1.000000000000000000e+03 6.247974377565140467e-10
1.001000000000000000e+03 6.241304320246297533e-10
1.002000000000000000e+03 6.234647548766769057e-10
1.003000000000000000e+03 6.228003996392845088e-10
1.004000000000000000e+03 6.221373593987494101e-10
1.005000000000000000e+03 6.214756270029218586e-10
1.006000000000000000e+03 6.208151950577493366e-10
1.007000000000000000e+03 6.201560559288475831e-10
1.008000000000000000e+03 6.194982017386729802e-10
1.009000000000000000e+03 6.188416243668368813e-10
1.010000000000000000e+03 6.181863154491630393e-10
1.011000000000000000e+03 6.175322663764308087e-10
1.012000000000000000e+03 6.168794697853754380e-10
1.013000000000000000e+03 6.162279240530501604e-10
1.014000000000000000e+03 6.155776288656098303e-10
1.015000000000000000e+03 6.149285837323377176e-10
1.016000000000000000e+03 6.142807879840744854e-10
1.017000000000000000e+03 6.136342407744751939e-10
1.018000000000000000e+03 6.129889410765531330e-10
1.019000000000000000e+03 6.123448876848791928e-10
1.020000000000000000e+03 6.117020792127545593e-10
1.021000000000000000e+03 6.110605140931526672e-10
1.022000000000000000e+03 6.104201905771485902e-10
1.023000000000000000e+03 6.097811067329775026e-10
1.024000000000000000e+03 6.091432604469757011e-10
1.025000000000000000e+03 6.085066494210680434e-10
1.026000000000000000e+03 6.078712711730823802e-10
1.027000000000000000e+03 6.072371230354921374e-10
1.028000000000000000e+03 6.066042021563596119e-10
1.029000000000000000e+03 6.059725054965082552e-10
1.030000000000000000e+03 6.053420298301503997e-10
1.031000000000000000e+03 6.047127717439458237e-10
1.032000000000000000e+03 6.040847276363726809e-10
1.033000000000000000e+03 6.034578937174136884e-10
1.034000000000000000e+03 6.028322660072990193e-10
1.035000000000000000e+03 6.022078403358787824e-10
1.036000000000000000e+03 6.015846123429366274e-10
1.037000000000000000e+03 6.009625774759903750e-10
1.038000000000000000e+03 6.003417309909211910e-10
1.039000000000000000e+03 5.997220679510300833e-10
1.040000000000000000e+03 5.991035832257824490e-10
1.041000000000000000e+03 5.984862714911210585e-10
1.042000000000000000e+03 5.978701272278958599e-10
1.043000000000000000e+03 5.972551447218640826e-10
1.044000000000000000e+03 5.966413180624332328e-10
1.045000000000000000e+03 5.960286411432898541e-10
1.046000000000000000e+03 5.954171076595713972e-10
1.047000000000000000e+03 5.948067111094377595e-10
1.048000000000000000e+03 5.941974447918719154e-10
1.049000000000000000e+03 5.935893018073080564e-10
1.050000000000000000e+03 5.929822750554326350e-10
1.051000000000000000e+03 5.923763584440689183e-10
1.052000000000000000e+03 5.917715505296554224e-10
1.053000000000000000e+03 5.911678509257762752e-10
1.054000000000000000e+03 5.905652590983606598e-10
1.055000000000000000e+03 5.899637743659967297e-10
1.056000000000000000e+03 5.893633958993045026e-10
1.057000000000000000e+03 5.887641227199919437e-10
1.058000000000000000e+03 5.881659537002271355e-10
1.059000000000000000e+03 5.875688875626384852e-10
1.060000000000000000e+03 5.869729228800007057e-10
1.061000000000000000e+03 5.863780580739776045e-10
1.062000000000000000e+03 5.857842914151222908e-10
1.063000000000000000e+03 5.851916210216205846e-10
1.064000000000000000e+03 5.846000448599197772e-10
1.065000000000000000e+03 5.840095607431572984e-10
1.066000000000000000e+03 5.834201663321031856e-10
1.067000000000000000e+03 5.828318591320186582e-10
1.068000000000000000e+03 5.822446364951695060e-10
1.069000000000000000e+03 5.816584956179984761e-10
1.070000000000000000e+03 5.810734335423817597e-10
1.071000000000000000e+03 5.804894471528019993e-10
1.072000000000000000e+03 5.799065331791754884e-10
1.073000000000000000e+03 5.793246881924538457e-10
1.074000000000000000e+03 5.787439086074513180e-10
1.075000000000000000e+03 5.781641906803322195e-10
1.076000000000000000e+03 5.775855305089241229e-10
1.077000000000000000e+03 5.770079240317761142e-10
1.078000000000000000e+03 5.764313670278443607e-10
1.079000000000000000e+03 5.758558551161778860e-10
1.080000000000000000e+03 5.752813837549759973e-10
1.081000000000000000e+03 5.747079482409604556e-10
1.082000000000000000e+03 5.741355437100035123e-10
1.083000000000000000e+03 5.735641651349284365e-10
1.084000000000000000e+03 5.729938073264526035e-10
1.085000000000000000e+03 5.724244649316160593e-10
1.086000000000000000e+03 5.718561324340965724e-10
1.087000000000000000e+03 5.712888041529519056e-10
1.088000000000000000e+03 5.707224742423066255e-10
1.089000000000000000e+03 5.701571366913511710e-10
1.090000000000000000e+03 5.695927863108033313e-10
1.091000000000000000e+03 5.690294217089369990e-10
1.092000000000000000e+03 5.684670423541952626e-10
1.093000000000000000e+03 5.679056475921839589e-10
1.094000000000000000e+03 5.673452366431598360e-10
1.095000000000000000e+03 5.667858086032868335e-10
1.096000000000000000e+03 5.662273624436933037e-10
1.097000000000000000e+03 5.656698970101580964e-10
1.098000000000000000e+03 5.651134110224820052e-10
1.099000000000000000e+03 5.645579030738601439e-10
1.100000000000000000e+03 5.640033716315094666e-10
1.101000000000000000e+03 5.634498150344698116e-10
1.102000000000000000e+03 5.628972314951749237e-10
1.103000000000000000e+03 5.623456190972532916e-10
1.104000000000000000e+03 5.617949757970989638e-10
1.105000000000000000e+03 5.612452994210439349e-10
1.106000000000000000e+03 5.606965876666147363e-10
1.107000000000000000e+03 5.601488381019051235e-10
1.108000000000000000e+03 5.596020481649456607e-10
1.109000000000000000e+03 5.590562151627634233e-10
1.110000000000000000e+03 5.585113362720090010e-10
1.111000000000000000e+03 5.579674085380144422e-10
1.112000000000000000e+03 5.574244288735367669e-10
1.113000000000000000e+03 5.568823940603283689e-10
1.114000000000000000e+03 5.563413007466241446e-10
1.115000000000000000e+03 5.558011454477695299e-10
1.116000000000000000e+03 5.552619245465346220e-10
1.117000000000000000e+03 5.547236342906012048e-10
1.118000000000000000e+03 5.541862707941334610e-10
1.119000000000000000e+03 5.536498300365208652e-10
1.120000000000000000e+03 5.531143078617505599e-10
1.121000000000000000e+03 5.525796999784071491e-10
1.122000000000000000e+03 5.520460019590440407e-10
1.123000000000000000e+03 5.515132092404977756e-10
1.124000000000000000e+03 5.509813171213751559e-10
1.125000000000000000e+03 5.504503207648799282e-10
1.126000000000000000e+03 5.499202151947294063e-10
1.127000000000000000e+03 5.493909952982956897e-10
1.128000000000000000e+03 5.488626558228359947e-10
1.129000000000000000e+03 5.483351922846690962e-10
1.130000000000000000e+03 5.478086036976491897e-10
1.131000000000000000e+03 5.472828898783070982e-10
1.132000000000000000e+03 5.467580505413864857e-10
1.133000000000000000e+03 5.462340853001570479e-10
1.134000000000000000e+03 5.457109936651586455e-10
1.135000000000000000e+03 5.451887750448296515e-10
1.136000000000000000e+03 5.446674287442495326e-10
1.137000000000000000e+03 5.441469539663963714e-10
1.138000000000000000e+03 5.436273498096329603e-10
1.139000000000000000e+03 5.431086152689637031e-10
1.140000000000000000e+03 5.425907492350925591e-10
1.141000000000000000e+03 5.420737504941077845e-10
1.142000000000000000e+03 5.415576177277972945e-10
1.143000000000000000e+03 5.410423495117630019e-10
1.144000000000000000e+03 5.405279443173058583e-10
1.145000000000000000e+03 5.400144005085987577e-10
1.146000000000000000e+03 5.395017163445705434e-10
1.147000000000000000e+03 5.389898899776511753e-10
1.148000000000000000e+03 5.384789194525129677e-10
1.149000000000000000e+03 5.379688027073288347e-10
1.150000000000000000e+03 5.374595375728292002e-10
1.151000000000000000e+03 5.369511217713589093e-10
1.152000000000000000e+03 5.364435529175071260e-10
1.153000000000000000e+03 5.359368285174773320e-10
1.154000000000000000e+03 5.354309459675178544e-10
1.155000000000000000e+03 5.349259025561197887e-10
1.156000000000000000e+03 5.344216954615045403e-10
1.157000000000000000e+03 5.339183217519382573e-10
1.158000000000000000e+03 5.334157783854163639e-10
1.159000000000000000e+03 5.329140622099792334e-10
1.160000000000000000e+03 5.324131699624542536e-10
1.161000000000000000e+03 5.319130982681427382e-10
1.162000000000000000e+03 5.314138436414478611e-10
1.163000000000000000e+03 5.309154024839890977e-10
1.164000000000000000e+03 5.304177710861740749e-10
1.165000000000000000e+03 5.299209456249985811e-10
1.166000000000000000e+03 5.294249221653035702e-10
1.167000000000000000e+03 5.289296966582045528e-10
1.168000000000000000e+03 5.284352656199893302e-10
1.169000000000000000e+03 5.279416281763528104e-10
1.170000000000000000e+03 5.274487840429807126e-10
1.171000000000000000e+03 5.269567328482228554e-10
1.172000000000000000e+03 5.264654741346630426e-10
1.173000000000000000e+03 5.259750073569210373e-10
1.174000000000000000e+03 5.254853318829082218e-10
1.175000000000000000e+03 5.249964469919433841e-10
1.176000000000000000e+03 5.245083518760087914e-10
1.177000000000000000e+03 5.240210456391222563e-10
1.178000000000000000e+03 5.235345272957662182e-10
1.179000000000000000e+03 5.230487957724583516e-10
1.180000000000000000e+03 5.225638499068095114e-10
1.181000000000000000e+03 5.220796884459523996e-10
1.182000000000000000e+03 5.215963100490552642e-10
1.183000000000000000e+03 5.211137132835522297e-10
1.184000000000000000e+03 5.206318966285977072e-10
1.185000000000000000e+03 5.201508584709842582e-10
1.186000000000000000e+03 5.196705971085967970e-10
1.187000000000000000e+03 5.191911107469577677e-10
1.188000000000000000e+03 5.187123975011114617e-10
1.189000000000000000e+03 5.182344553943680471e-10
1.190000000000000000e+03 5.177572823579881032e-10
1.191000000000000000e+03 5.172808762314990164e-10
1.192000000000000000e+03 5.168052347614363219e-10
1.193000000000000000e+03 5.163303556026007082e-10
1.194000000000000000e+03 5.158562363161741128e-10
1.195000000000000000e+03 5.153828743703469322e-10
1.196000000000000000e+03 5.149102671400043136e-10
1.197000000000000000e+03 5.144384119060978079e-10
1.198000000000000000e+03 5.139673058556453694e-10
1.199000000000000000e+03 5.134969460811029058e-10
1.200000000000000000e+03 5.130273295809931418e-10
1.201000000000000000e+03 5.125584532583336661e-10
1.202000000000000000e+03 5.120903139215807442e-10
1.203000000000000000e+03 5.116229082830574687e-10
1.204000000000000000e+03 5.111562329602111769e-10
1.205000000000000000e+03 5.106902844740420148e-10
1.206000000000000000e+03 5.102250592494176791e-10
1.207000000000000000e+03 5.097605541488295952e-10
1.208000000000000000e+03 5.092967680805740966e-10
1.209000000000000000e+03 5.088337004094215541e-10
1.210000000000000000e+03 5.083713504231723555e-10
1.211000000000000000e+03 5.079097173348581362e-10
1.212000000000000000e+03 5.074488002799122017e-10
1.213000000000000000e+03 5.069885983174277720e-10
1.214000000000000000e+03 5.065291104295286011e-10
1.215000000000000000e+03 5.060703355213698040e-10
1.216000000000000000e+03 5.056122724205090960e-10
1.217000000000000000e+03 5.051549198765922572e-10
1.218000000000000000e+03 5.046982765616683920e-10
1.219000000000000000e+03 5.042423410698747729e-10
1.220000000000000000e+03 5.037871119164945787e-10
1.221000000000000000e+03 5.033325875388995701e-10
1.222000000000000000e+03 5.028787662952936022e-10
1.223000000000000000e+03 5.024256464643980894e-10
1.224000000000000000e+03 5.019732262463943706e-10
1.225000000000000000e+03 5.015215037619818607e-10
1.226000000000000000e+03 5.010704770514349617e-10
1.227000000000000000e+03 5.006201440758603767e-10
1.228000000000000000e+03 5.001705027156250533e-10
1.229000000000000000e+03 4.997215507709861854e-10
1.230000000000000000e+03 4.992732859614615215e-10
1.231000000000000000e+03 4.988257059255158633e-10
1.232000000000000000e+03 4.983788082205609627e-10
1.233000000000000000e+03 4.979325903232695396e-10
1.234000000000000000e+03 4.974870496280046735e-10
1.235000000000000000e+03 4.970421834474479430e-10
1.236000000000000000e+03 4.965979890122857181e-10
1.237000000000000000e+03 4.961544634715224546e-10
1.238000000000000000e+03 4.957116038905960664e-10
1.239000000000000000e+03 4.952694072529499827e-10
1.240000000000000000e+03 4.948278704590886104e-10
1.241000000000000000e+03 4.943869903259501253e-10
1.242000000000000000e+03 4.939467635872206964e-10
1.243000000000000000e+03 4.935071868933344867e-10
1.244000000000000000e+03 4.930682568099020096e-10
1.245000000000000000e+03 4.926299698192822890e-10
1.246000000000000000e+03 4.921923229485861355e-10
1.247000000000000000e+03 4.917553156656276701e-10
1.248000000000000000e+03 4.913189480046502055e-10
1.249000000000000000e+03 4.908832199395787341e-10
1.250000000000000000e+03 4.904481313833910638e-10
1.251000000000000000e+03 4.900136821878037993e-10
1.252000000000000000e+03 4.895798721432728597e-10
1.253000000000000000e+03 4.891467009793072894e-10
1.254000000000000000e+03 4.887141683628981325e-10
1.255000000000000000e+03 4.882822738997753335e-10
1.256000000000000000e+03 4.878510171334656820e-10
1.257000000000000000e+03 4.874203975456064177e-10
1.258000000000000000e+03 4.869904145550027610e-10
1.259000000000000000e+03 4.865610675185708997e-10
1.260000000000000000e+03 4.861323557294523266e-10
1.261000000000000000e+03 4.857042784188991915e-10
1.262000000000000000e+03 4.852768347547040019e-10
1.263000000000000000e+03 4.848500238411981753e-10
1.264000000000000000e+03 4.844238447192539008e-10
1.265000000000000000e+03 4.839982963662825879e-10
1.266000000000000000e+03 4.835733776959215716e-10
1.267000000000000000e+03 4.831490875577194741e-10
1.268000000000000000e+03 4.827254247365083743e-10
1.269000000000000000e+03 4.823023879539741068e-10
1.270000000000000000e+03 4.818799758658294758e-10
1.271000000000000000e+03 4.814581870640124875e-10
1.272000000000000000e+03 4.810370200754300693e-10
1.273000000000000000e+03 4.806164733613305504e-10
1.274000000000000000e+03 4.801965453179306642e-10
1.275000000000000000e+03 4.797772342761022539e-10
1.276000000000000000e+03 4.793585385013720657e-10
1.277000000000000000e+03 4.789404561929792796e-10
1.278000000000000000e+03 4.785229854838751999e-10
1.279000000000000000e+03 4.781061244416660335e-10
1.280000000000000000e+03 4.776898710667285730e-10
1.281000000000000000e+03 4.772742232931511144e-10
1.282000000000000000e+03 4.768591789887346978e-10
1.283000000000000000e+03 4.764447359537362070e-10
1.284000000000000000e+03 4.760308919214968191e-10
1.285000000000000000e+03 4.756176448320737655e-10
1.286000000000000000e+03 4.752049936572241592e-10
1.287000000000000000e+03 4.747929375851603916e-10
1.288000000000000000e+03 4.743814757453467292e-10
1.289000000000000000e+03 4.739706072103855959e-10
1.290000000000000000e+03 4.735603309947590172e-10
1.291000000000000000e+03 4.731506460548300680e-10
1.292000000000000000e+03 4.727415512885279237e-10
1.293000000000000000e+03 4.723330455356627056e-10
1.294000000000000000e+03 4.719251275772959965e-10
1.295000000000000000e+03 4.715177961360566170e-10
1.296000000000000000e+03 4.711110498755108308e-10
1.297000000000000000e+03 4.707048874001633789e-10
1.298000000000000000e+03 4.702993072551424265e-10
1.299000000000000000e+03 4.698943079265147197e-10
1.300000000000000000e+03 4.694898878406564106e-10
1.301000000000000000e+03 4.690860453642534713e-10
1.302000000000000000e+03 4.686827788043015900e-10
1.303000000000000000e+03 4.682800864071638063e-10
1.304000000000000000e+03 4.678779663598271009e-10
1.305000000000000000e+03 4.674764167886453923e-10
1.306000000000000000e+03 4.670754357590260345e-10
1.307000000000000000e+03 4.666750212763717695e-10
1.308000000000000000e+03 4.662751712848245499e-10
1.309000000000000000e+03 4.658758836678932656e-10
1.310000000000000000e+03 4.654771562471975149e-10
1.311000000000000000e+03 4.650789867840385756e-10
1.312000000000000000e+03 4.646813729771996736e-10
1.313000000000000000e+03 4.642843124648314370e-10
1.314000000000000000e+03 4.638878028225669073e-10
1.315000000000000000e+03 4.634918415641495758e-10
1.316000000000000000e+03 4.630964261414337456e-10
1.317000000000000000e+03 4.627015539437558230e-10
1.318000000000000000e+03 4.623072222979346270e-10
1.319000000000000000e+03 4.619134284688996337e-10
1.320000000000000000e+03 4.615201696574918643e-10
1.321000000000000000e+03 4.611274430026627385e-10
1.322000000000000000e+03 4.607352455799037234e-10
1.323000000000000000e+03 4.603435744012460237e-10
1.324000000000000000e+03 4.599524269983402984e-10
1.325000000000000000e+03 4.595618031764078472e-10
1.326000000000000000e+03 4.591717032788246807e-10
1.327000000000000000e+03 4.587821276065553982e-10
1.328000000000000000e+03 4.583930764172107191e-10
1.329000000000000000e+03 4.580045499259894862e-10
1.330000000000000000e+03 4.576165483044227990e-10
1.331000000000000000e+03 4.572290716810019470e-10
1.332000000000000000e+03 4.568421201414920664e-10
1.333000000000000000e+03 4.564556937267342693e-10
1.334000000000000000e+03 4.560697924354716030e-10
1.335000000000000000e+03 4.556844162218369027e-10
1.336000000000000000e+03 4.552995649962947430e-10
1.337000000000000000e+03 4.549152386253276263e-10
1.338000000000000000e+03 4.545314369314353113e-10
1.339000000000000000e+03 4.541481596931356910e-10
1.340000000000000000e+03 4.537654066437073755e-10
1.341000000000000000e+03 4.533831774730753532e-10
1.342000000000000000e+03 4.530014718259254845e-10
1.343000000000000000e+03 4.526202893023330037e-10
1.344000000000000000e+03 4.522396294574481392e-10
1.345000000000000000e+03 4.518594918014969916e-10
1.346000000000000000e+03 4.514798758000943638e-10
1.347000000000000000e+03 4.511007808726740820e-10
1.348000000000000000e+03 4.507222063946875902e-10
1.349000000000000000e+03 4.503441516947762849e-10
1.350000000000000000e+03 4.499666160569714018e-10
1.351000000000000000e+03 4.495895987194365984e-10
1.352000000000000000e+03 4.492130988735261049e-10
1.353000000000000000e+03 4.488371156662973372e-10
1.354000000000000000e+03 4.484616481976841106e-10
1.355000000000000000e+03 4.480866955214386435e-10
1.356000000000000000e+03 4.477122566454459893e-10
1.357000000000000000e+03 4.473383305307815157e-10
1.358000000000000000e+03 4.469649160926532189e-10
1.359000000000000000e+03 4.465920121982027150e-10
1.360000000000000000e+03 4.462196176696472347e-10
1.361000000000000000e+03 4.458477312805086094e-10
1.362000000000000000e+03 4.454763517581279010e-10
1.363000000000000000e+03 4.451054779005317529e-10
1.364000000000000000e+03 4.447351089286049503e-10
1.365000000000000000e+03 4.443652441380027361e-10
1.366000000000000000e+03 4.439958827800833841e-10
1.367000000000000000e+03 4.436270240637938603e-10
1.368000000000000000e+03 4.432586671534705565e-10
1.369000000000000000e+03 4.428908111704102613e-10
1.370000000000000000e+03 4.425234551912984137e-10
1.371000000000000000e+03 4.421565982497814181e-10
1.372000000000000000e+03 4.417902393348946912e-10
1.373000000000000000e+03 4.414243773913773524e-10
1.374000000000000000e+03 4.410590113196718618e-10
1.375000000000000000e+03 4.406941399765526779e-10
1.376000000000000000e+03 4.403297621732411124e-10
1.377000000000000000e+03 4.399658766766621280e-10
1.378000000000000000e+03 4.396024822094440285e-10
1.379000000000000000e+03 4.392395774483481075e-10
1.380000000000000000e+03 4.388771610261531731e-10
1.381000000000000000e+03 4.385152315297709203e-10
1.382000000000000000e+03 4.381537875011880892e-10
1.383000000000000000e+03 4.377928274374668792e-10
1.384000000000000000e+03 4.374323497891737192e-10
1.385000000000000000e+03 4.370723529622645671e-10
1.386000000000000000e+03 4.367128353161995070e-10
1.387000000000000000e+03 4.363537951658285139e-10
1.388000000000000000e+03 4.359952307788773937e-10
1.389000000000000000e+03 4.356371403772045288e-10
1.390000000000000000e+03 4.352795221371153101e-10
1.391000000000000000e+03 4.349223741884200300e-10
1.392000000000000000e+03 4.345656946144326418e-10
1.393000000000000000e+03 4.342094814516578786e-10
1.394000000000000000e+03 4.338537326904188762e-10
1.395000000000000000e+03 4.334984462742292918e-10
1.396000000000000000e+03 4.331436200997925285e-10
1.397000000000000000e+03 4.327892520166883885e-10
1.398000000000000000e+03 4.324353398276872987e-10
1.399000000000000000e+03 4.320818812881210848e-10
1.400000000000000000e+03 4.317288741058839533e-10
1.401000000000000000e+03 4.313763159417457346e-10
1.402000000000000000e+03 4.310242048796490392e-10
1.403000000000000000e+03 4.306725408410544639e-10
1.404000000000000000e+03 4.303213241863023563e-10
1.405000000000000000e+03 4.299705552427466519e-10
1.406000000000000000e+03 4.296202343066398125e-10
1.407000000000000000e+03 4.292703616421894261e-10
1.408000000000000000e+03 4.289209374812453263e-10
1.409000000000000000e+03 4.285719620242409234e-10
1.410000000000000000e+03 4.282234354386232161e-10
1.411000000000000000e+03 4.278753578601089683e-10
1.412000000000000000e+03 4.275277293923706906e-10
1.413000000000000000e+03 4.271805501054660832e-10
1.414000000000000000e+03 4.268338200383507517e-10
1.415000000000000000e+03 4.264875391966794579e-10
1.416000000000000000e+03 4.261417075531205000e-10
1.417000000000000000e+03 4.257963250479836461e-10
1.418000000000000000e+03 4.254513915889058056e-10
1.419000000000000000e+03 4.251069070499096459e-10
1.420000000000000000e+03 4.247628712729723923e-10
1.421000000000000000e+03 4.244192840658291464e-10
1.422000000000000000e+03 4.240761452035415821e-10
1.423000000000000000e+03 4.237334544281849101e-10
1.424000000000000000e+03 4.233912114482195302e-10
1.425000000000000000e+03 4.230494159378620642e-10
1.426000000000000000e+03 4.227080675392852428e-10
1.427000000000000000e+03 4.223671658594757562e-10
1.428000000000000000e+03 4.220267104730622299e-10
1.429000000000000000e+03 4.216867009194867324e-10
1.430000000000000000e+03 4.213471367055195072e-10
1.431000000000000000e+03 4.210080173033728464e-10
1.432000000000000000e+03 4.206693421513301094e-10
1.433000000000000000e+03 4.203311106531169626e-10
1.434000000000000000e+03 4.199933221785299330e-10
1.435000000000000000e+03 4.196559760631220800e-10
1.436000000000000000e+03 4.193190716082033567e-10
1.437000000000000000e+03 4.189826080798977277e-10
1.438000000000000000e+03 4.186465847100854830e-10
1.439000000000000000e+03 4.183110006964041686e-10
1.440000000000000000e+03 4.179758552009909614e-10
1.441000000000000000e+03 4.176411474016910431e-10
1.442000000000000000e+03 4.173068766419114495e-10
1.443000000000000000e+03 4.169730422813956198e-10
1.444000000000000000e+03 4.166396436469004780e-10
1.445000000000000000e+03 4.163066800309390665e-10
1.446000000000000000e+03 4.159741506933523963e-10
1.447000000000000000e+03 4.156420548597376485e-10
1.448000000000000000e+03 4.153103917214492601e-10
1.449000000000000000e+03 4.149791604371681891e-10
1.450000000000000000e+03 4.146483601307045090e-10
1.451000000000000000e+03 4.143179898922531208e-10
1.452000000000000000e+03 4.139880487771368003e-10
1.453000000000000000e+03 4.136585358080063435e-10
1.454000000000000000e+03 4.133294499716979523e-10
1.455000000000000000e+03 4.130007902217472949e-10
1.456000000000000000e+03 4.126725554765038444e-10
1.457000000000000000e+03 4.123447446200740191e-10
1.458000000000000000e+03 4.120173565020064930e-10
1.459000000000000000e+03 4.116903899372926085e-10
1.460000000000000000e+03 4.113638437057376163e-10
1.461000000000000000e+03 4.110377165529037642e-10
1.462000000000000000e+03 4.107120071885388614e-10
1.463000000000000000e+03 4.103867142881473007e-10
1.464000000000000000e+03 4.100618364917339331e-10
1.465000000000000000e+03 4.097373724041172078e-10
1.466000000000000000e+03 4.094133205952442241e-10
1.467000000000000000e+03 4.090896795986196055e-10
1.468000000000000000e+03 4.087664479138185777e-10
1.469000000000000000e+03 4.084436240036599239e-10
1.470000000000000000e+03 4.081212062957765937e-10
1.471000000000000000e+03 4.077991931823013232e-10
1.472000000000000000e+03 4.074775830192387528e-10
1.473000000000000000e+03 4.071563741270933608e-10
1.474000000000000000e+03 4.068355647899273566e-10
1.475000000000000000e+03 4.065151532563028392e-10
1.476000000000000000e+03 4.061951377380252582e-10
1.477000000000000000e+03 4.058755164117141780e-10
1.478000000000000000e+03 4.055562874162900964e-10
1.479000000000000000e+03 4.052374488558018515e-10
1.480000000000000000e+03 4.049189991267807121e-10
1.481000000000000000e+03 4.046009379153813258e-10
1.482000000000000000e+03 4.042832652102941689e-10
1.483000000000000000e+03 4.039659809747625921e-10
1.484000000000000000e+03 4.036490851459544214e-10
1.485000000000000000e+03 4.033325776349630437e-10
1.486000000000000000e+03 4.030164583261775091e-10
1.487000000000000000e+03 4.027007270785406205e-10
1.488000000000000000e+03 4.023853837239768255e-10
1.489000000000000000e+03 4.020704280689642212e-10
1.490000000000000000e+03 4.017558598929629630e-10
1.491000000000000000e+03 4.014416789487296447e-10
1.492000000000000000e+03 4.011278849629459557e-10
1.493000000000000000e+03 4.008144776352753335e-10
1.494000000000000000e+03 4.005014566393063632e-10
1.495000000000000000e+03 4.001888216209817026e-10
1.496000000000000000e+03 3.998765722001684848e-10
1.497000000000000000e+03 3.995647079694022449e-10
1.498000000000000000e+03 3.992532284948290261e-10
1.499000000000000000e+03 3.989421333152629635e-10
1.500000000000000000e+03 3.986314219418721614e-10
1.501000000000000000e+03 3.983210938594357499e-10
1.502000000000000000e+03 3.980111485254003300e-10
1.503000000000000000e+03 3.977015853698811629e-10
1.504000000000000000e+03 3.973924037953473242e-10
1.505000000000000000e+03 3.970836031775643280e-10
1.506000000000000000e+03 3.967751828640233109e-10
1.507000000000000000e+03 3.964671421748837077e-10
1.508000000000000000e+03 3.961594804032871665e-10
1.509000000000000000e+03 3.958521968141010610e-10
1.510000000000000000e+03 3.955452906445465282e-10
1.511000000000000000e+03 3.952387611041988809e-10
1.512000000000000000e+03 3.949326073746734869e-10
1.513000000000000000e+03 3.946268286096249926e-10
1.514000000000000000e+03 3.943214239347483062e-10
1.515000000000000000e+03 3.940163924480920983e-10
1.516000000000000000e+03 3.937117332188025735e-10
1.517000000000000000e+03 3.934074452883796475e-10
1.518000000000000000e+03 3.931035276697352021e-10
1.519000000000000000e+03 3.927999794910768613e-10
1.520000000000000000e+03 3.924968004288209788e-10
1.521000000000000000e+03 3.921939902778212825e-10
1.522000000000000000e+03 3.918915488090558109e-10
1.523000000000000000e+03 3.915894757702546397e-10
1.524000000000000000e+03 3.912877708840150992e-10
1.525000000000000000e+03 3.909864338493725899e-10
1.526000000000000000e+03 3.906854643411723908e-10
1.527000000000000000e+03 3.903848620097552275e-10
1.528000000000000000e+03 3.900846264812713938e-10
1.529000000000000000e+03 3.897847573576813205e-10
1.530000000000000000e+03 3.894852542161265042e-10
1.531000000000000000e+03 3.891861166092441470e-10
1.532000000000000000e+03 3.888873440657954507e-10
1.533000000000000000e+03 3.885889360894087170e-10
1.534000000000000000e+03 3.882908921588936752e-10
1.535000000000000000e+03 3.879932117282416379e-10
1.536000000000000000e+03 3.876958942275676594e-10
1.537000000000000000e+03 3.873989390612255464e-10
1.538000000000000000e+03 3.871023456087512573e-10
1.539000000000000000e+03 3.868061132251753181e-10
1.540000000000000000e+03 3.865102412403962330e-10
1.541000000000000000e+03 3.862147289588653288e-10
1.542000000000000000e+03 3.859195756605296886e-10
1.543000000000000000e+03 3.856247805992609228e-10
1.544000000000000000e+03 3.853303430044264501e-10
1.545000000000000000e+03 3.850362620799466150e-10
1.546000000000000000e+03 3.847425370042949463e-10
1.547000000000000000e+03 3.844491669301839837e-10
1.548000000000000000e+03 3.841561509855074879e-10
1.549000000000000000e+03 3.838634882720842121e-10
1.550000000000000000e+03 3.835711778666001123e-10
1.551000000000000000e+03 3.832792188193515495e-10
1.552000000000000000e+03 3.829876101558167265e-10
1.553000000000000000e+03 3.826963508750839411e-10
1.554000000000000000e+03 3.824054399504809671e-10
1.555000000000000000e+03 3.821148763298883489e-10
1.556000000000000000e+03 3.818246589344830181e-10
1.557000000000000000e+03 3.815347866603095739e-10
1.558000000000000000e+03 3.812452584898059956e-10
1.559000000000000000e+03 3.809560738307821021e-10
1.560000000000000000e+03 3.806672321821537470e-10
1.561000000000000000e+03 3.803787330195893895e-10
1.562000000000000000e+03 3.800905757955092161e-10
1.563000000000000000e+03 3.798027599400283845e-10
1.564000000000000000e+03 3.795152848600141930e-10
1.565000000000000000e+03 3.792281499397144277e-10
1.566000000000000000e+03 3.789413545401291702e-10
1.567000000000000000e+03 3.786548979993249197e-10
1.568000000000000000e+03 3.783687796318061425e-10
1.569000000000000000e+03 3.780829987294578440e-10
1.570000000000000000e+03 3.777975545609171706e-10
1.571000000000000000e+03 3.775124463709453203e-10
1.572000000000000000e+03 3.772276733813698055e-10
1.573000000000000000e+03 3.769432347910844525e-10
1.574000000000000000e+03 3.766591297751071916e-10
1.575000000000000000e+03 3.763753574845793327e-10
1.576000000000000000e+03 3.760919170473951536e-10
1.577000000000000000e+03 3.758088075685146259e-10
1.578000000000000000e+03 3.755260281283938396e-10
1.579000000000000000e+03 3.752435777839263349e-10
1.580000000000000000e+03 3.749614555687584645e-10
1.581000000000000000e+03 3.746796604920318208e-10
1.582000000000000000e+03 3.743981915396403954e-10
1.583000000000000000e+03 3.741170476732876964e-10
1.584000000000000000e+03 3.738362278308012837e-10
1.585000000000000000e+03 3.735557309258184409e-10
1.586000000000000000e+03 3.732755558477861231e-10
1.587000000000000000e+03 3.729957014629035811e-10
1.588000000000000000e+03 3.727161666122372684e-10
1.589000000000000000e+03 3.724369501126634137e-10
1.590000000000000000e+03 3.721580507578102829e-10
1.591000000000000000e+03 3.718794673155454627e-10
1.592000000000000000e+03 3.716011985308026472e-10
1.593000000000000000e+03 3.713232431224402645e-10
1.594000000000000000e+03 3.710455997866973852e-10
1.595000000000000000e+03 3.707682671937378657e-10
1.596000000000000000e+03 3.704912439898494591e-10
1.597000000000000000e+03 3.702145290044746634e-10
1.598000000000000000e+03 3.699381218753878831e-10
1.599000000000000000e+03 3.696620224304298267e-10
1.600000000000000000e+03 3.693862304773351304e-10
1.601000000000000000e+03 3.691107458062452295e-10
1.602000000000000000e+03 3.688355681887663544e-10
1.603000000000000000e+03 3.685606973770271137e-10
1.604000000000000000e+03 3.682861331052483796e-10
1.605000000000000000e+03 3.680118750884879893e-10
1.606000000000000000e+03 3.677379230229537817e-10
1.607000000000000000e+03 3.674642765863184426e-10
1.608000000000000000e+03 3.671909354370907442e-10
1.609000000000000000e+03 3.669178992152444090e-10
1.610000000000000000e+03 3.666451675412746589e-10
1.611000000000000000e+03 3.663727400168278544e-10
1.612000000000000000e+03 3.661006162250144795e-10
1.613000000000000000e+03 3.658287957291532742e-10
1.614000000000000000e+03 3.655572780737132903e-10
1.615000000000000000e+03 3.652860627836856992e-10
1.616000000000000000e+03 3.650151493655261572e-10
1.617000000000000000e+03 3.647445373062128025e-10
1.618000000000000000e+03 3.644742260726172871e-10
1.619000000000000000e+03 3.642042151130757998e-10
1.620000000000000000e+03 3.639345038564470627e-10
1.621000000000000000e+03 3.636650917121114524e-10
1.622000000000000000e+03 3.633959780696576532e-10
1.623000000000000000e+03 3.631271622995102807e-10
1.624000000000000000e+03 3.628586437526164840e-10
1.625000000000000000e+03 3.625904217595028040e-10
1.626000000000000000e+03 3.623224956321604738e-10
1.627000000000000000e+03 3.620548646621603255e-10
1.628000000000000000e+03 3.617875281215954142e-10
1.629000000000000000e+03 3.615204852627665342e-10
1.630000000000000000e+03 3.612537353181827361e-10
1.631000000000000000e+03 3.609872775002466880e-10
1.632000000000000000e+03 3.607211110018833329e-10
1.633000000000000000e+03 3.604552349955969539e-10
1.634000000000000000e+03 3.601896486341002458e-10
1.635000000000000000e+03 3.599243510503134876e-10
1.636000000000000000e+03 3.596593414924535794e-10
1.637000000000000000e+03 3.593946197318125782e-10
1.638000000000000000e+03 3.591301856590631082e-10
1.639000000000000000e+03 3.588660391485414417e-10
1.640000000000000000e+03 3.586021800585617243e-10
1.641000000000000000e+03 3.583386082304735064e-10
1.642000000000000000e+03 3.580753234902327137e-10
1.643000000000000000e+03 3.578123256468303148e-10
1.644000000000000000e+03 3.575496144926071147e-10
1.645000000000000000e+03 3.572871898041958618e-10
1.646000000000000000e+03 3.570250513412646577e-10
1.647000000000000000e+03 3.567631988471455621e-10
1.648000000000000000e+03 3.565016320485198510e-10
1.649000000000000000e+03 3.562403506557328620e-10
1.650000000000000000e+03 3.559793543621648722e-10
1.651000000000000000e+03 3.557186428442320799e-10
1.652000000000000000e+03 3.554582157629564906e-10
1.653000000000000000e+03 3.551980727611390784e-10
1.654000000000000000e+03 3.549382134655587427e-10
1.655000000000000000e+03 3.546786374860294772e-10
1.656000000000000000e+03 3.544193444160292856e-10
1.657000000000000000e+03 3.541603338311291074e-10
1.658000000000000000e+03 3.539016052905632198e-10
1.659000000000000000e+03 3.536431583372301688e-10
1.660000000000000000e+03 3.533849924954927269e-10
1.661000000000000000e+03 3.531271072743198357e-10
1.662000000000000000e+03 3.528695021647737338e-10
1.663000000000000000e+03 3.526121766406374777e-10
1.664000000000000000e+03 3.523551301593580302e-10
1.665000000000000000e+03 3.520983621601611163e-10
1.666000000000000000e+03 3.518418720659362128e-10
1.667000000000000000e+03 3.515856592819798019e-10
1.668000000000000000e+03 3.513297231963096486e-10
1.669000000000000000e+03 3.510740631796646456e-10
1.670000000000000000e+03 3.508186785855051749e-10
1.671000000000000000e+03 3.505635687496984693e-10
1.672000000000000000e+03 3.503087329905189224e-10
1.673000000000000000e+03 3.500541706095905058e-10
1.674000000000000000e+03 3.497998808903159532e-10
1.675000000000000000e+03 3.495458632084607270e-10
1.676000000000000000e+03 3.492921173620204973e-10
1.677000000000000000e+03 3.490386432441810698e-10
1.678000000000000000e+03 3.487854407339911647e-10
1.679000000000000000e+03 3.485325096951056711e-10
1.680000000000000000e+03 3.482798499770422376e-10
1.681000000000000000e+03 3.480274614151814274e-10
1.682000000000000000e+03 3.477753438298241978e-10
1.683000000000000000e+03 3.475234970261916933e-10
1.684000000000000000e+03 3.472719207956822501e-10
1.685000000000000000e+03 3.470206149146144432e-10
1.686000000000000000e+03 3.467695791445415186e-10
1.687000000000000000e+03 3.465188132316225292e-10
1.688000000000000000e+03 3.462683169085082032e-10
1.689000000000000000e+03 3.460180898921409023e-10
1.690000000000000000e+03 3.457681318843833821e-10
1.691000000000000000e+03 3.455184425726473977e-10
1.692000000000000000e+03 3.452690216292646333e-10
1.693000000000000000e+03 3.450198687118017022e-10
1.694000000000000000e+03 3.447709834621168513e-10
1.695000000000000000e+03 3.445223655082456224e-10
1.696000000000000000e+03 3.442740144618871020e-10
1.697000000000000000e+03 3.440259299202891696e-10
1.698000000000000000e+03 3.437781114656199952e-10
1.699000000000000000e+03 3.435305586643397441e-10
1.700000000000000000e+03 3.432832710684572193e-10
1.701000000000000000e+03 3.430362482142736327e-10
1.702000000000000000e+03 3.427894896226958479e-10
1.703000000000000000e+03 3.425429947998655030e-10
1.704000000000000000e+03 3.422967632362164381e-10
1.705000000000000000e+03 3.420507944067884036e-10
1.706000000000000000e+03 3.418050877712274739e-10
1.707000000000000000e+03 3.415596427741000655e-10
1.708000000000000000e+03 3.413144588442646938e-10
1.709000000000000000e+03 3.410695353948717659e-10
1.710000000000000000e+03 3.408248718243063083e-10
1.711000000000000000e+03 3.405804675139888036e-10
1.712000000000000000e+03 3.403363218315165642e-10
1.713000000000000000e+03 3.400924341278365839e-10
1.714000000000000000e+03 3.398488038267807048e-10
1.715000000000000000e+03 3.396054306930438566e-10
1.716000000000000000e+03 3.393623145660903415e-10
1.717000000000000000e+03 3.391194552728187093e-10
1.718000000000000000e+03 3.388768526263039261e-10
1.719000000000000000e+03 3.386345064261124779e-10
1.720000000000000000e+03 3.383924164592445298e-10
1.721000000000000000e+03 3.381505824982484712e-10
1.722000000000000000e+03 3.379090043037352857e-10
1.723000000000000000e+03 3.376676816212356794e-10
1.724000000000000000e+03 3.374266141843426942e-10
1.725000000000000000e+03 3.371858017121980617e-10
1.726000000000000000e+03 3.369452439107486899e-10
1.727000000000000000e+03 3.367049404724324903e-10
1.728000000000000000e+03 3.364648910758646695e-10
1.729000000000000000e+03 3.362250953864655587e-10
1.730000000000000000e+03 3.359855530558324227e-10
1.731000000000000000e+03 3.357462637220540461e-10
1.732000000000000000e+03 3.355072270090816631e-10
1.733000000000000000e+03 3.352684425276718396e-10
1.734000000000000000e+03 3.350299098747583333e-10
1.735000000000000000e+03 3.347916286334518864e-10
1.736000000000000000e+03 3.345535983727258975e-10
1.737000000000000000e+03 3.343158186483592004e-10
1.738000000000000000e+03 3.340782890019932848e-10
1.739000000000000000e+03 3.338410089608185369e-10
1.740000000000000000e+03 3.336039780394590218e-10
1.741000000000000000e+03 3.333671957374588367e-10
1.742000000000000000e+03 3.331306615408535471e-10
1.743000000000000000e+03 3.328943749212272532e-10
1.744000000000000000e+03 3.326583353369693351e-10
1.745000000000000000e+03 3.324225422317037922e-10
1.746000000000000000e+03 3.321869950355456788e-10
1.747000000000000000e+03 3.319516931641587905e-10
1.748000000000000000e+03 3.317166360187555604e-10
1.749000000000000000e+03 3.314818229873537019e-10
1.750000000000000000e+03 3.312472534425771487e-10
1.751000000000000000e+03 3.310129267438552183e-10
1.752000000000000000e+03 3.307788422355375704e-10
1.753000000000000000e+03 3.305449993477391559e-10
1.754000000000000000e+03 3.303113978903937224e-10
1.755000000000000000e+03 3.300780377613993684e-10
1.756000000000000000e+03 3.298449188470306504e-10
1.757000000000000000e+03 3.296120410219379625e-10
1.758000000000000000e+03 3.293794041478910491e-10
1.759000000000000000e+03 3.291470080769211023e-10
1.760000000000000000e+03 3.289148526472360403e-10
1.761000000000000000e+03 3.286829376869906935e-10
1.762000000000000000e+03 3.284512630117737781e-10
1.763000000000000000e+03 3.282198284249212939e-10
1.764000000000000000e+03 3.279886337190882712e-10
1.765000000000000000e+03 3.277576786740491423e-10
1.766000000000000000e+03 3.275269630576399519e-10
1.767000000000000000e+03 3.272964866270159299e-10
1.768000000000000000e+03 3.270662491258228444e-10
1.769000000000000000e+03 3.268362502867113203e-10
1.770000000000000000e+03 3.266064898300795247e-10
1.771000000000000000e+03 3.263769674643875989e-10
1.772000000000000000e+03 3.261476828858437954e-10
1.773000000000000000e+03 3.259186357790319456e-10
1.774000000000000000e+03 3.256898258159698702e-10
1.775000000000000000e+03 3.254612526564231390e-10
1.776000000000000000e+03 3.252329159488474878e-10
1.777000000000000000e+03 3.250048153285039329e-10
1.778000000000000000e+03 3.247769504196580369e-10
1.779000000000000000e+03 3.245493208330666762e-10
1.780000000000000000e+03 3.243219261681763761e-10
1.781000000000000000e+03 3.240947660118680648e-10
1.782000000000000000e+03 3.238678399387699543e-10
1.783000000000000000e+03 3.236411475109439871e-10
1.784000000000000000e+03 3.234146882788283572e-10
1.785000000000000000e+03 3.231884617793522614e-10
1.786000000000000000e+03 3.229624675384493402e-10
1.787000000000000000e+03 3.227367050682303219e-10
1.788000000000000000e+03 3.225111738698101714e-10
1.789000000000000000e+03 3.222858734304810969e-10
1.790000000000000000e+03 3.220608032259111957e-10
1.791000000000000000e+03 3.218359627192023478e-10
1.792000000000000000e+03 3.216113514306333282e-10
1.793000000000000000e+03 3.213869691490890848e-10
1.794000000000000000e+03 3.211628157215741362e-10
1.795000000000000000e+03 3.209388909859821757e-10
1.796000000000000000e+03 3.207151947682690773e-10
1.797000000000000000e+03 3.204917268837091769e-10
1.798000000000000000e+03 3.202684871375237740e-10
1.799000000000000000e+03 3.200454753233099542e-10
1.800000000000000000e+03 3.198226912239840919e-10
1.801000000000000000e+03 3.196001346124086982e-10
1.802000000000000000e+03 3.193778052491946019e-10
1.803000000000000000e+03 3.191557028855275807e-10
1.804000000000000000e+03 3.189338272603413167e-10
1.805000000000000000e+03 3.187121781028305257e-10
1.806000000000000000e+03 3.184907551299376211e-10
1.807000000000000000e+03 3.182695580488663086e-10
1.808000000000000000e+03 3.180485865551962351e-10
1.809000000000000000e+03 3.178278403331972136e-10
1.810000000000000000e+03 3.176073190567720542e-10
1.811000000000000000e+03 3.173870223881994565e-10
1.812000000000000000e+03 3.171669499790769435e-10
1.813000000000000000e+03 3.169471014693778242e-10
1.814000000000000000e+03 3.167274764887084048e-10
1.815000000000000000e+03 3.165080746547368104e-10
1.816000000000000000e+03 3.162888955741357131e-10
1.817000000000000000e+03 3.160699388425821244e-10
1.818000000000000000e+03 3.158512040447575511e-10
1.819000000000000000e+03 3.156326907534051639e-10
1.820000000000000000e+03 3.154143985302730420e-10
1.821000000000000000e+03 3.151963269264274678e-10
1.822000000000000000e+03 3.149784754806826796e-10
1.823000000000000000e+03 3.147608437211714290e-10
1.824000000000000000e+03 3.145434311640885453e-10
1.825000000000000000e+03 3.143262373152612862e-10
1.826000000000000000e+03 3.141092616677624566e-10
1.827000000000000000e+03 3.138925037043288257e-10
1.828000000000000000e+03 3.136759628957276011e-10
1.829000000000000000e+03 3.134596387014163633e-10
1.830000000000000000e+03 3.132435305693545204e-10
1.831000000000000000e+03 3.130276380278318848e-10
1.832000000000000000e+03 3.128119609618662157e-10
1.833000000000000000e+03 3.125964993389418703e-10
1.834000000000000000e+03 3.123812531174958144e-10
1.835000000000000000e+03 3.121662222466654879e-10
1.836000000000000000e+03 3.119514066664465368e-10
1.837000000000000000e+03 3.117368063075982572e-10
1.838000000000000000e+03 3.115224210916436461e-10
1.839000000000000000e+03 3.113082509308694537e-10
1.840000000000000000e+03 3.110942957282946984e-10
1.841000000000000000e+03 3.108805553775764204e-10
1.842000000000000000e+03 3.106670297631041350e-10
1.843000000000000000e+03 3.104537187599995224e-10
1.844000000000000000e+03 3.102406222339279342e-10
1.845000000000000000e+03 3.100277400412558676e-10
1.846000000000000000e+03 3.098150720289249240e-10
1.847000000000000000e+03 3.096026180344833452e-10
1.848000000000000000e+03 3.093903778861173428e-10
1.849000000000000000e+03 3.091783514024314299e-10
1.850000000000000000e+03 3.089665383927310589e-10
1.851000000000000000e+03 3.087549386567393631e-10
1.852000000000000000e+03 3.085435519846925933e-10
1.853000000000000000e+03 3.083323781573386699e-10
1.854000000000000000e+03 3.081214169459070944e-10
1.855000000000000000e+03 3.079106681120135649e-10
1.856000000000000000e+03 3.077001314077237726e-10
1.857000000000000000e+03 3.074898065755841624e-10
1.858000000000000000e+03 3.072796933484021617e-10
1.859000000000000000e+03 3.070697914494978496e-10
1.860000000000000000e+03 3.068601005924206997e-10
1.861000000000000000e+03 3.066506204811384872e-10
1.862000000000000000e+03 3.064413508098800729e-10
1.863000000000000000e+03 3.062322912632608247e-10
1.864000000000000000e+03 3.060234415160632591e-10
1.865000000000000000e+03 3.058148012333933275e-10
1.866000000000000000e+03 3.056063700705870990e-10
1.867000000000000000e+03 3.053981476732415217e-10
1.868000000000000000e+03 3.051901336770887946e-10
1.869000000000000000e+03 3.049823277080910277e-10
1.870000000000000000e+03 3.047747294130388943e-10
1.871000000000000000e+03 3.045673385518204224e-10
1.872000000000000000e+03 3.043601549057808601e-10
1.873000000000000000e+03 3.041531782472803098e-10
1.874000000000000000e+03 3.039464083394742146e-10
1.875000000000000000e+03 3.037398449363757073e-10
1.876000000000000000e+03 3.035334877829190965e-10
1.877000000000000000e+03 3.033273366148020302e-10
1.878000000000000000e+03 3.031213911585803632e-10
1.879000000000000000e+03 3.029156511315734964e-10
1.880000000000000000e+03 3.027101162418961197e-10
1.881000000000000000e+03 3.025047861884265729e-10
1.882000000000000000e+03 3.022996606608070003e-10
1.883000000000000000e+03 3.020947393393172577e-10
1.884000000000000000e+03 3.018900218950642847e-10
1.885000000000000000e+03 3.016855079897612996e-10
1.886000000000000000e+03 3.014811972758224593e-10
1.887000000000000000e+03 3.012770893963629117e-10
1.888000000000000000e+03 3.010731839850414241e-10
1.889000000000000000e+03 3.008694806661863733e-10
1.890000000000000000e+03 3.006659790547956937e-10
1.891000000000000000e+03 3.004626787563480222e-10
1.892000000000000000e+03 3.002595793669288426e-10
1.893000000000000000e+03 3.000566804731675167e-10
1.894000000000000000e+03 2.998539816522683554e-10
1.895000000000000000e+03 2.996514824719168370e-10
1.896000000000000000e+03 2.994491824902794003e-10
1.897000000000000000e+03 2.992470812560348262e-10
1.898000000000000000e+03 2.990451783083114228e-10
1.899000000000000000e+03 2.988434731766871816e-10
1.900000000000000000e+03 2.986419653811581369e-10
1.901000000000000000e+03 2.984406544321698508e-10
1.902000000000000000e+03 2.982395398305233733e-10
1.903000000000000000e+03 2.980386210673748282e-10
1.904000000000000000e+03 2.978378976242986409e-10
1.905000000000000000e+03 2.976373689731616523e-10
1.906000000000000000e+03 2.974370345761546544e-10
1.907000000000000000e+03 2.972368938858550495e-10
1.908000000000000000e+03 2.970369463449758010e-10
1.909000000000000000e+03 2.968371914915456876e-10
1.910000000000000000e+03 2.966376292741368743e-10
1.911000000000000000e+03 2.964382597388678338e-10
1.912000000000000000e+03 2.962390829247571409e-10
1.913000000000000000e+03 2.960400988636293807e-10
1.914000000000000000e+03 2.958413075802085680e-10
1.915000000000000000e+03 2.956427090919306879e-10
1.916000000000000000e+03 2.954443034091630536e-10
1.917000000000000000e+03 2.952460905349214103e-10
1.918000000000000000e+03 2.950480704650904829e-10
1.919000000000000000e+03 2.948502431882975719e-10
1.920000000000000000e+03 2.946526086859445036e-10
1.921000000000000000e+03 2.944551669320816915e-10
1.922000000000000000e+03 2.942579178935967338e-10
1.923000000000000000e+03 2.940608615299317243e-10
1.924000000000000000e+03 2.938639977933972709e-10
1.925000000000000000e+03 2.936673266288583736e-10
1.926000000000000000e+03 2.934708479738288267e-10
1.927000000000000000e+03 2.932745617585966916e-10
1.928000000000000000e+03 2.930784679059729372e-10
1.929000000000000000e+03 2.928825663313859975e-10
1.930000000000000000e+03 2.926868569429756043e-10
1.931000000000000000e+03 2.924913396413418930e-10
1.932000000000000000e+03 2.922960143197962976e-10
1.933000000000000000e+03 2.921008808640790673e-10
1.934000000000000000e+03 2.919059391525790910e-10
1.935000000000000000e+03 2.917111890562085784e-10
1.936000000000000000e+03 2.915166304383395227e-10
1.937000000000000000e+03 2.913222631549611237e-10
1.938000000000000000e+03 2.911280870544289960e-10
1.939000000000000000e+03 2.909341019776842180e-10
1.940000000000000000e+03 2.907403077580651990e-10
1.941000000000000000e+03 2.905467042214020817e-10
1.942000000000000000e+03 2.903532911859852575e-10
1.943000000000000000e+03 2.901600684624393766e-10
1.944000000000000000e+03 2.899670358538809258e-10
1.945000000000000000e+03 2.897741931557922387e-10
1.946000000000000000e+03 2.895815401560214440e-10
1.947000000000000000e+03 2.893890766348456411e-10
1.948000000000000000e+03 2.891968022850484514e-10
1.949000000000000000e+03 2.890047164719339840e-10
1.950000000000000000e+03 2.888128184715849412e-10
1.951000000000000000e+03 2.886211075504394611e-10
1.952000000000000000e+03 2.884295829651653349e-10
1.953000000000000000e+03 2.882382439628799846e-10
1.954000000000000000e+03 2.880470897808672576e-10
1.955000000000000000e+03 2.878561196467668508e-10
1.956000000000000000e+03 2.876653327784164224e-10
1.957000000000000000e+03 2.874747283839146130e-10
1.958000000000000000e+03 2.872843056616526852e-10
1.959000000000000000e+03 2.870940638001572556e-10
1.960000000000000000e+03 2.869040019781217796e-10
1.961000000000000000e+03 2.867141193645321280e-10
1.962000000000000000e+03 2.865244151183840009e-10
1.963000000000000000e+03 2.863348883889654100e-10
1.964000000000000000e+03 2.861455383155744037e-10
1.965000000000000000e+03 2.859563640276440741e-10
1.966000000000000000e+03 2.857673646447745592e-10
1.967000000000000000e+03 2.855785392765442898e-10
1.968000000000000000e+03 2.853898870226668964e-10
1.969000000000000000e+03 2.852014069728347675e-10
1.970000000000000000e+03 2.850130982068124187e-10
1.971000000000000000e+03 2.848249597943741948e-10
1.972000000000000000e+03 2.846369907952415079e-10
1.973000000000000000e+03 2.844491902591453930e-10
1.974000000000000000e+03 2.842615572258267144e-10
1.975000000000000000e+03 2.840740907248787951e-10
1.976000000000000000e+03 2.838867897758734580e-10
1.977000000000000000e+03 2.836996533882665725e-10
1.978000000000000000e+03 2.835126805614293838e-10
1.979000000000000000e+03 2.833258702846487715e-10
1.980000000000000000e+03 2.831392215369698783e-10
1.981000000000000000e+03 2.829527332873535850e-10
1.982000000000000000e+03 2.827664044946130236e-10
1.983000000000000000e+03 2.825802341072887256e-10
1.984000000000000000e+03 2.823942210638050100e-10
1.985000000000000000e+03 2.822083642922819038e-10
1.986000000000000000e+03 2.820226627106607180e-10
1.987000000000000000e+03 2.818371164174931466e-10
1.988000000000000000e+03 2.816517302742681286e-10
1.989000000000000000e+03 2.814665103493489008e-10
1.990000000000000000e+03 2.812814627297598433e-10
1.991000000000000000e+03 2.810965935209975714e-10
1.992000000000000000e+03 2.809119088470944223e-10
1.993000000000000000e+03 2.807274148506494224e-10
1.994000000000000000e+03 2.805431176928912047e-10
1.995000000000000000e+03 2.803590235536154016e-10
1.996000000000000000e+03 2.801751386313412405e-10
1.997000000000000000e+03 2.799914691431235674e-10
1.998000000000000000e+03 2.798080213247724109e-10
1.999000000000000000e+03 2.796248014307276649e-10
2.000000000000000000e+03 2.794418157341528702e-10
