2.000000000000000000e+00 2.210829787332681322e-07
3.000000000000000000e+00 2.506313014159613858e-07
4.000000000000000000e+00 2.774375954758111090e-07
5.000000000000000000e+00 3.012232142701593111e-07
6.000000000000000000e+00 3.211477396953232494e-07
7.000000000000000000e+00 3.372864519850630689e-07
8.000000000000000000e+00 3.498714104082110929e-07
9.000000000000000000e+00 3.591776272308002112e-07
1.000000000000000000e+01 3.654981252744529802e-07
1.100000000000000000e+01 3.691291950104794540e-07
1.200000000000000000e+01 3.703626649347321623e-07
1.300000000000000000e+01 3.694822146497599613e-07
1.400000000000000000e+01 3.667611617500711926e-07
1.500000000000000000e+01 3.624604975689731874e-07
1.600000000000000000e+01 3.568272882675043954e-07
1.700000000000000000e+01 3.500936396636328959e-07
1.800000000000000000e+01 3.424564786616765087e-07
1.900000000000000000e+01 3.341741727867097228e-07
2.000000000000000000e+01 3.253652551881498940e-07
2.100000000000000000e+01 3.162310053998124811e-07
2.200000000000000000e+01 3.068947897822614215e-07
2.300000000000000000e+01 2.975129620056786344e-07
2.400000000000000000e+01 2.881725464040615991e-07
2.500000000000000000e+01 2.789923941500635739e-07
2.600000000000000000e+01 2.700365760447659776e-07
2.700000000000000000e+01 2.613788624777459877e-07
2.800000000000000000e+01 2.530504853272815849e-07
2.900000000000000000e+01 2.451265811381617781e-07
3.000000000000000000e+01 2.376366935896065027e-07
3.100000000000000000e+01 2.305562526707571895e-07
3.200000000000000000e+01 2.239192449597237126e-07
3.300000000000000000e+01 2.177349247432809663e-07
3.400000000000000000e+01 2.119730530171511420e-07
3.500000000000000000e+01 2.066373251342309130e-07
3.600000000000000000e+01 2.017089471003981695e-07
3.700000000000000000e+01 1.971429211940246609e-07
3.800000000000000000e+01 1.929373012706552260e-07
3.900000000000000000e+01 1.890810106842194314e-07
4.000000000000000000e+01 1.855316901442420185e-07
4.100000000000000000e+01 1.822306634624841789e-07
4.200000000000000000e+01 1.791604805492970993e-07
4.300000000000000000e+01 1.763013549588511946e-07
4.400000000000000000e+01 1.736134208741210038e-07
4.500000000000000000e+01 1.710483430130501945e-07
4.600000000000000000e+01 1.685920570167096573e-07
4.700000000000000000e+01 1.662320841775177930e-07
4.800000000000000000e+01 1.639446123636527894e-07
4.900000000000000000e+01 1.616936562858817605e-07
5.000000000000000000e+01 1.594403790473738136e-07
5.100000000000000000e+01 1.571759878705511445e-07
5.200000000000000000e+01 1.548963160131680744e-07
5.300000000000000000e+01 1.525920889233550320e-07
5.400000000000000000e+01 1.502485626846843230e-07
5.500000000000000000e+01 1.478507732290362948e-07
5.600000000000000000e+01 1.454016393097716564e-07
5.700000000000000000e+01 1.429077234033657709e-07
5.800000000000000000e+01 1.403738751130104543e-07
5.900000000000000000e+01 1.378030882148695822e-07
6.000000000000000000e+01 1.351963577041153145e-07
6.100000000000000000e+01 1.325551194973806249e-07
6.200000000000000000e+01 1.298895328660873274e-07
6.300000000000000000e+01 1.272118118706487723e-07
6.400000000000000000e+01 1.245337469531871665e-07
6.500000000000000000e+01 1.218666439294381529e-07
6.600000000000000000e+01 1.192212629805919411e-07
6.700000000000000000e+01 1.166077576450722475e-07
6.800000000000000000e+01 1.140357016024356304e-07
6.900000000000000000e+01 1.115143116975786077e-07
7.000000000000000000e+01 1.090521607171108391e-07
7.100000000000000000e+01 1.066570358864927924e-07
7.200000000000000000e+01 1.043358801073304996e-07
7.300000000000000000e+01 1.020947331944504549e-07
7.400000000000000000e+01 9.993867311313163692e-08
7.500000000000000000e+01 9.787175721630612526e-08
7.600000000000000000e+01 9.589702780442394120e-08
7.700000000000000000e+01 9.401665987295352647e-08
7.800000000000000000e+01 9.223173367238323632e-08
7.900000000000000000e+01 9.054211626103628597e-08
8.000000000000000000e+01 8.894640406126902074e-08
8.100000000000000000e+01 8.744186541557492737e-08
8.200000000000000000e+01 8.602438314284565080e-08
8.300000000000000000e+01 8.468839709441215300e-08
8.400000000000000000e+01 8.342791445197755165e-08
8.500000000000000000e+01 8.223985888774777123e-08
8.600000000000000000e+01 8.112117388515757710e-08
8.700000000000000000e+01 8.006776544616741236e-08
8.800000000000000000e+01 7.907446259274161826e-08
8.900000000000000000e+01 7.813497786816938438e-08
9.000000000000000000e+01 7.724186783860575528e-08
9.100000000000000000e+01 7.638649359429846744e-08
9.200000000000000000e+01 7.555898125106602402e-08
9.300000000000000000e+01 7.475010678374478125e-08
9.400000000000000000e+01 7.395736059104782549e-08
9.500000000000000000e+01 7.317972625688493236e-08
9.600000000000000000e+01 7.241582458089486589e-08
9.700000000000000000e+01 7.166390049484307356e-08
9.800000000000000000e+01 7.092180997905052309e-08
9.900000000000000000e+01 7.018700697879135777e-08
1.000000000000000000e+02 6.945653032069049895e-08
1.010000000000000000e+02 6.872699062902689687e-08
1.020000000000000000e+02 6.799455724225677192e-08
1.030000000000000000e+02 6.725494512925422480e-08
1.040000000000000000e+02 6.650452578160606743e-08
1.050000000000000000e+02 6.574385897623956215e-08
1.060000000000000000e+02 6.497461593171590409e-08
1.070000000000000000e+02 6.419849721271589340e-08
1.080000000000000000e+02 6.341723199760908989e-08
1.090000000000000000e+02 6.263257734643126410e-08
1.100000000000000000e+02 6.184631746848486568e-08
1.110000000000000000e+02 6.106026299025375431e-08
1.120000000000000000e+02 6.027625022303512741e-08
1.130000000000000000e+02 5.949614043085411869e-08
1.140000000000000000e+02 5.872181909812715216e-08
1.150000000000000000e+02 5.795519519748242734e-08
1.160000000000000000e+02 5.719803805486434819e-08
1.170000000000000000e+02 5.645146700867702572e-08
1.180000000000000000e+02 5.571639803907895217e-08
1.190000000000000000e+02 5.499369847398540877e-08
1.200000000000000000e+02 5.428418482114964267e-08
1.210000000000000000e+02 5.358862059986698849e-08
1.220000000000000000e+02 5.290771417293038003e-08
1.230000000000000000e+02 5.224211657833455785e-08
1.240000000000000000e+02 5.159241936138858646e-08
1.250000000000000000e+02 5.095915240623152430e-08
1.260000000000000000e+02 5.034278176797646638e-08
1.270000000000000000e+02 4.974370750438322644e-08
1.280000000000000000e+02 4.916226150781390813e-08
1.290000000000000000e+02 4.859864616582477524e-08
1.300000000000000000e+02 4.805274734033347960e-08
1.310000000000000000e+02 4.752429667916590402e-08
1.320000000000000000e+02 4.701292638221566501e-08
1.330000000000000000e+02 4.651816660981869033e-08
1.340000000000000000e+02 4.603944289119056296e-08
1.350000000000000000e+02 4.557607353283253812e-08
1.360000000000000000e+02 4.512726702715739179e-08
1.370000000000000000e+02 4.469211946064410715e-08
1.380000000000000000e+02 4.426961192258934868e-08
1.390000000000000000e+02 4.385860791329364107e-08
1.400000000000000000e+02 4.345785075268711840e-08
1.410000000000000000e+02 4.306596098870418776e-08
1.420000000000000000e+02 4.268143380568943376e-08
1.430000000000000000e+02 4.230263643289788112e-08
1.440000000000000000e+02 4.192814161786354314e-08
1.450000000000000000e+02 4.155777057028656427e-08
1.460000000000000000e+02 4.119164839067976192e-08
1.470000000000000000e+02 4.082987658377612882e-08
1.480000000000000000e+02 4.047253239857440154e-08
1.490000000000000000e+02 4.011966816797633922e-08
1.500000000000000000e+02 3.977131064873807295e-08
1.510000000000000000e+02 3.942746036142150801e-08
1.520000000000000000e+02 3.908809093000012347e-08
1.530000000000000000e+02 3.875314842193600662e-08
1.540000000000000000e+02 3.842255068794279046e-08
1.550000000000000000e+02 3.809618670181131784e-08
1.560000000000000000e+02 3.777391590036102393e-08
1.570000000000000000e+02 3.745556752317148042e-08
1.580000000000000000e+02 3.714093995250226576e-08
1.590000000000000000e+02 3.682980005311876161e-08
1.600000000000000000e+02 3.652188251218065638e-08
1.610000000000000000e+02 3.621696338433440777e-08
1.620000000000000000e+02 3.591508942188223563e-08
1.630000000000000000e+02 3.561636785762301038e-08
1.640000000000000000e+02 3.532089370739289360e-08
1.650000000000000000e+02 3.502874945141365422e-08
1.660000000000000000e+02 3.474000471548380056e-08
1.670000000000000000e+02 3.445471595223260458e-08
1.680000000000000000e+02 3.417292612243697859e-08
1.690000000000000000e+02 3.389466437614970849e-08
1.700000000000000000e+02 3.361994573420496076e-08
1.710000000000000000e+02 3.334877076922079745e-08
1.720000000000000000e+02 3.308112528697898483e-08
1.730000000000000000e+02 3.281698000777313092e-08
1.740000000000000000e+02 3.255629024747429784e-08
1.750000000000000000e+02 3.229899559891063175e-08
1.760000000000000000e+02 3.204501961318418665e-08
1.770000000000000000e+02 3.179426948079931643e-08
1.780000000000000000e+02 3.154663571294805254e-08
1.790000000000000000e+02 3.130199182294320955e-08
1.800000000000000000e+02 3.106023076188535270e-08
1.810000000000000000e+02 3.082137813124760618e-08
1.820000000000000000e+02 3.058548737834574045e-08
1.830000000000000000e+02 3.035260366829283200e-08
1.840000000000000000e+02 3.012276370064961828e-08
1.850000000000000000e+02 2.989599552605914271e-08
1.860000000000000000e+02 2.967231836288460264e-08
1.870000000000000000e+02 2.945174241385027105e-08
1.880000000000000000e+02 2.923426868267300491e-08
1.890000000000000000e+02 2.901988879070320336e-08
1.900000000000000000e+02 2.880858479356576576e-08
1.910000000000000000e+02 2.860032899778841715e-08
1.920000000000000000e+02 2.839508377745216896e-08
1.930000000000000000e+02 2.819280139081959151e-08
1.940000000000000000e+02 2.799342379697584491e-08
1.950000000000000000e+02 2.779688247246644425e-08
1.960000000000000000e+02 2.760309822793504795e-08
1.970000000000000000e+02 2.741198102476444233e-08
1.980000000000000000e+02 2.722342979169860696e-08
1.990000000000000000e+02 2.703733224150565916e-08
2.000000000000000000e+02 2.685356468759994917e-08
2.010000000000000000e+02 2.667202005353340073e-08
2.020000000000000000e+02 2.649269451244090357e-08
2.030000000000000000e+02 2.631560668993622377e-08
2.040000000000000000e+02 2.614076992811517425e-08
2.050000000000000000e+02 2.596819218550845713e-08
2.060000000000000000e+02 2.579787593705647278e-08
2.070000000000000000e+02 2.562981807405591200e-08
2.080000000000000000e+02 2.546400980413769513e-08
2.090000000000000000e+02 2.530043655121354105e-08
2.100000000000000000e+02 2.513907785545081267e-08
2.110000000000000000e+02 2.497990727323161605e-08
2.120000000000000000e+02 2.482289227711194925e-08
2.130000000000000000e+02 2.466799415578393492e-08
2.140000000000000000e+02 2.451516791404128542e-08
2.150000000000000000e+02 2.436436217274463900e-08
2.160000000000000000e+02 2.421551906877128207e-08
2.170000000000000000e+02 2.406857415499630431e-08
2.180000000000000000e+02 2.392345630022967836e-08
2.190000000000000000e+02 2.378008758920997484e-08
2.200000000000000000e+02 2.363838322253518189e-08
2.210000000000000000e+02 2.349825141665012709e-08
2.220000000000000000e+02 2.335959330379303980e-08
2.230000000000000000e+02 2.322230283196406046e-08
2.240000000000000000e+02 2.308628982143505758e-08
2.250000000000000000e+02 2.295155098841547958e-08
2.260000000000000000e+02 2.281810329471905174e-08
2.270000000000000000e+02 2.268596115708618712e-08
2.280000000000000000e+02 2.255513640226862516e-08
2.290000000000000000e+02 2.242563822212350689e-08
2.300000000000000000e+02 2.229747312872630318e-08
2.310000000000000000e+02 2.217064490944287361e-08
2.320000000000000000e+02 2.204515458205186106e-08
2.330000000000000000e+02 2.192100034982615724e-08
2.340000000000000000e+02 2.179817755663642098e-08
2.350000000000000000e+02 2.167667864203887674e-08
2.360000000000000000e+02 2.155649309638506648e-08
2.370000000000000000e+02 2.143760741590968788e-08
2.380000000000000000e+02 2.132000505783405631e-08
2.390000000000000000e+02 2.120366639545390669e-08
2.400000000000000000e+02 2.108856867324603516e-08
2.410000000000000000e+02 2.097468596196238744e-08
2.420000000000000000e+02 2.086198911372096095e-08
2.430000000000000000e+02 2.075044571710933628e-08
2.440000000000000000e+02 2.064002005228187248e-08
2.450000000000000000e+02 2.053067304605378551e-08
2.460000000000000000e+02 2.042236222699523664e-08
2.470000000000000000e+02 2.031504168053481427e-08
2.480000000000000000e+02 2.020866200405675243e-08
2.490000000000000000e+02 2.010317026198559587e-08
2.500000000000000000e+02 1.999852239569919938e-08
2.510000000000000000e+02 1.989472134009854896e-08
2.520000000000000000e+02 1.979178101998206886e-08
2.530000000000000000e+02 1.968971407225540552e-08
2.540000000000000000e+02 1.958853182483880167e-08
2.550000000000000000e+02 1.948824427558697421e-08
2.560000000000000000e+02 1.938886007119963821e-08
2.570000000000000000e+02 1.929038648614453132e-08
2.580000000000000000e+02 1.919282940155850465e-08
2.590000000000000000e+02 1.909619328417684698e-08
2.600000000000000000e+02 1.900048116524061924e-08
2.610000000000000000e+02 1.890569461941345511e-08
2.620000000000000000e+02 1.881183374369201900e-08
2.630000000000000000e+02 1.871889713632595326e-08
2.640000000000000000e+02 1.862688187573775936e-08
2.650000000000000000e+02 1.853578349942073550e-08
2.660000000000000000e+02 1.844559598287460065e-08
2.670000000000000000e+02 1.835631171850339916e-08
2.680000000000000000e+02 1.826792149454172795e-08
2.690000000000000000e+02 1.818041447395890455e-08
2.700000000000000000e+02 1.809377817338834423e-08
2.710000000000000000e+02 1.800799844202858801e-08
2.720000000000000000e+02 1.792305944056324002e-08
2.730000000000000000e+02 1.783894362008086520e-08
2.740000000000000000e+02 1.775563170098235675e-08
2.750000000000000000e+02 1.767310265189768067e-08
2.760000000000000000e+02 1.759133366860580972e-08
2.770000000000000000e+02 1.751030015293892128e-08
2.780000000000000000e+02 1.742997569171173473e-08
2.790000000000000000e+02 1.735033802533600787e-08
2.800000000000000000e+02 1.727138733935106191e-08
2.810000000000000000e+02 1.719312887949092382e-08
2.820000000000000000e+02 1.711556703548415253e-08
2.830000000000000000e+02 1.703870532917863888e-08
2.840000000000000000e+02 1.696254640266637245e-08
2.850000000000000000e+02 1.688709200637365540e-08
2.860000000000000000e+02 1.681234298720476538e-08
2.870000000000000000e+02 1.673829927663841956e-08
2.880000000000000000e+02 1.666495987885256793e-08
2.890000000000000000e+02 1.659232285883977989e-08
2.900000000000000000e+02 1.652038533051627479e-08
2.910000000000000000e+02 1.644914344484356202e-08
2.920000000000000000e+02 1.637859237795010753e-08
2.930000000000000000e+02 1.630872631922468437e-08
2.940000000000000000e+02 1.623953845946312929e-08
2.950000000000000000e+02 1.617102097895230305e-08
2.960000000000000000e+02 1.610316503561685695e-08
2.970000000000000000e+02 1.603596075310629682e-08
2.980000000000000000e+02 1.596939720893234937e-08
2.990000000000000000e+02 1.590346242256859270e-08
3.000000000000000000e+02 1.583814334357838959e-08
3.010000000000000000e+02 1.577342583972397093e-08
3.020000000000000000e+02 1.570929468508803283e-08
3.030000000000000000e+02 1.564573354817343321e-08
3.040000000000000000e+02 1.558272498004362880e-08
3.050000000000000000e+02 1.552025040241610168e-08
3.060000000000000000e+02 1.545829009579334984e-08
3.070000000000000000e+02 1.539682318756888033e-08
3.080000000000000000e+02 1.533582764014566961e-08
3.090000000000000000e+02 1.527528023905467695e-08
3.100000000000000000e+02 1.521515658106388815e-08
3.110000000000000000e+02 1.515543106230314526e-08
3.120000000000000000e+02 1.509608242606853888e-08
3.130000000000000000e+02 1.503711071511715067e-08
3.140000000000000000e+02 1.497852108274478002e-08
3.150000000000000000e+02 1.492031829896663749e-08
3.160000000000000000e+02 1.486250674546567339e-08
3.170000000000000000e+02 1.480509041053774491e-08
3.180000000000000000e+02 1.474807288404621635e-08
3.190000000000000000e+02 1.469145735236714610e-08
3.200000000000000000e+02 1.463524659333445212e-08
3.210000000000000000e+02 1.457944297117882880e-08
3.220000000000000000e+02 1.452404843150116566e-08
3.230000000000000000e+02 1.446906449618633782e-08
3.240000000000000000e+02 1.441449225837977782e-08
3.250000000000000000e+02 1.436033237741382771e-08
3.260000000000000000e+02 1.430658507377173770e-08
3.270000000000000000e+02 1.425325012402029164e-08
3.280000000000000000e+02 1.420032685576756701e-08
3.290000000000000000e+02 1.414781414260807401e-08
3.300000000000000000e+02 1.409571039906796891e-08
3.310000000000000000e+02 1.404401357555335620e-08
3.320000000000000000e+02 1.399272115329232731e-08
3.330000000000000000e+02 1.394183013930211581e-08
3.340000000000000000e+02 1.389133706130604277e-08
3.350000000000000000e+02 1.384123796271005387e-08
3.360000000000000000e+02 1.379152839753222467e-08
3.370000000000000000e+02 1.374220342535107760e-08
3.380000000000000000e+02 1.369325760626645065e-08
3.390000000000000000e+02 1.364468499582898272e-08
3.400000000000000000e+02 1.359647914000413391e-08
3.410000000000000000e+02 1.354863307010793756e-08
3.420000000000000000e+02 1.350113929775532066e-08
3.430000000000000000e+02 1.345398980981470737e-08
3.440000000000000000e+02 1.340717606335005940e-08
3.450000000000000000e+02 1.336068898056917317e-08
3.460000000000000000e+02 1.331451894377517154e-08
3.470000000000000000e+02 1.326865579030223445e-08
3.480000000000000000e+02 1.322308880747335237e-08
3.490000000000000000e+02 1.317780912226848722e-08
3.500000000000000000e+02 1.313281699017136430e-08
3.510000000000000000e+02 1.308811479919453751e-08
3.520000000000000000e+02 1.304370469976759802e-08
3.530000000000000000e+02 1.299958860205427674e-08
3.540000000000000000e+02 1.295576817324753397e-08
3.550000000000000000e+02 1.291224483486148923e-08
3.560000000000000000e+02 1.286901976004852702e-08
3.570000000000000000e+02 1.282609387088494014e-08
3.580000000000000000e+02 1.278346783567230415e-08
3.590000000000000000e+02 1.274114206624828679e-08
3.600000000000000000e+02 1.269911671526916274e-08
3.610000000000000000e+02 1.265739167353001980e-08
3.620000000000000000e+02 1.261596656724731171e-08
3.630000000000000000e+02 1.257484075536648953e-08
3.640000000000000000e+02 1.253401332686338609e-08
3.650000000000000000e+02 1.249348309804243398e-08
3.660000000000000000e+02 1.245324860983491005e-08
3.670000000000000000e+02 1.241330812510344001e-08
3.680000000000000000e+02 1.237365962593394475e-08
3.690000000000000000e+02 1.233430081094330145e-08
3.700000000000000000e+02 1.229522909257757484e-08
3.710000000000000000e+02 1.225644159441023355e-08
3.720000000000000000e+02 1.221793514844040121e-08
3.730000000000000000e+02 1.217970629240363438e-08
3.740000000000000000e+02 1.214175126705131065e-08
3.750000000000000000e+02 1.210406601347400613e-08
3.760000000000000000e+02 1.206664617038712714e-08
3.770000000000000000e+02 1.202948707143231117e-08
3.780000000000000000e+02 1.199258374247878327e-08
3.790000000000000000e+02 1.195593089892787877e-08
3.800000000000000000e+02 1.191952294300813295e-08
3.810000000000000000e+02 1.188335396107348913e-08
3.820000000000000000e+02 1.184741772090469963e-08
3.830000000000000000e+02 1.181170766902011368e-08
3.840000000000000000e+02 1.177621692795190398e-08
3.850000000000000000e+02 1.174093829357573245e-08
3.860000000000000000e+02 1.170586423238381869e-08
3.870000000000000000e+02 1.167098687880206401e-08
3.880000000000000000e+02 1.163629970233898588e-08
3.890000000000000000e+02 1.160180258332503498e-08
3.900000000000000000e+02 1.156749692173871664e-08
3.910000000000000000e+02 1.153338398312979675e-08
3.920000000000000000e+02 1.149946489723698041e-08
3.930000000000000000e+02 1.146574065662133673e-08
3.940000000000000000e+02 1.143221211529655725e-08
3.950000000000000000e+02 1.139887998735607102e-08
3.960000000000000000e+02 1.136574484559390126e-08
3.970000000000000000e+02 1.133280712014120538e-08
3.980000000000000000e+02 1.130006709708398335e-08
3.990000000000000000e+02 1.126752491709960118e-08
4.000000000000000000e+02 1.123518057408395729e-08
4.010000000000000000e+02 1.120303391377227630e-08
4.020000000000000000e+02 1.117108463236940882e-08
4.030000000000000000e+02 1.113933227518323140e-08
4.040000000000000000e+02 1.110777623524860847e-08
4.050000000000000000e+02 1.107641575194826716e-08
4.060000000000000000e+02 1.104524990964932246e-08
4.070000000000000000e+02 1.101427763632725725e-08
4.080000000000000000e+02 1.098349770220248714e-08
4.090000000000000000e+02 1.095290871834234252e-08
4.100000000000000000e+02 1.092250913532275484e-08
4.110000000000000000e+02 1.089229724183337864e-08
4.120000000000000000e+02 1.086227116330786979e-08
4.130000000000000000e+02 1.083242886055728883e-08
4.140000000000000000e+02 1.080276812839721768e-08
4.150000000000000000e+02 1.077328659426861472e-08
4.160000000000000000e+02 1.074398171687434313e-08
4.170000000000000000e+02 1.071485078480317915e-08
4.180000000000000000e+02 1.068589091515063067e-08
4.190000000000000000e+02 1.065709905216178198e-08
4.200000000000000000e+02 1.062847196583955913e-08
4.210000000000000000e+02 1.060000625059385625e-08
4.220000000000000000e+02 1.057169832384665761e-08
4.230000000000000000e+02 1.054354442468429901e-08
4.240000000000000000e+02 1.051554061245632306e-08
4.250000000000000000e+02 1.048768276543400071e-08
4.260000000000000000e+02 1.045996657940920970e-08
4.270000000000000000e+02 1.043238848713804637e-08
4.280000000000000000e+02 1.040494845384936486e-08
4.290000000000000000e+02 1.037764727413990918e-08
4.300000000000000000e+02 1.035048565899922065e-08
4.310000000000000000e+02 1.032346423505879950e-08
4.320000000000000000e+02 1.029658354380354859e-08
4.330000000000000000e+02 1.026984404082409976e-08
4.340000000000000000e+02 1.024324609503138762e-08
4.350000000000000000e+02 1.021678998790269761e-08
4.360000000000000000e+02 1.019047591270880467e-08
4.370000000000000000e+02 1.016430397373801828e-08
4.380000000000000000e+02 1.013827418554219736e-08
4.390000000000000000e+02 1.011238647216391385e-08
4.400000000000000000e+02 1.008664066636362439e-08
4.410000000000000000e+02 1.006103650885940540e-08
4.420000000000000000e+02 1.003557364755097488e-08
4.430000000000000000e+02 1.001025163675943569e-08
4.440000000000000000e+02 9.985069936460714059e-09
4.450000000000000000e+02 9.960027911503318025e-09
4.460000000000000000e+02 9.935124830860630684e-09
4.470000000000000000e+02 9.910359866848647141e-09
4.480000000000000000e+02 9.885732094365722734e-09
4.490000000000000000e+02 9.861240490119731570e-09
4.500000000000000000e+02 9.836883931864663193e-09
4.510000000000000000e+02 9.812661197627786082e-09
4.520000000000000000e+02 9.788570964946252592e-09
4.530000000000000000e+02 9.764611810103677422e-09
4.540000000000000000e+02 9.740782207347891104e-09
4.550000000000000000e+02 9.717080528136946684e-09
4.560000000000000000e+02 9.693505040363163091e-09
4.570000000000000000e+02 9.670053907595990178e-09
4.580000000000000000e+02 9.646725188296607353e-09
4.590000000000000000e+02 9.623516835067093385e-09
4.600000000000000000e+02 9.600426693874443312e-09
4.610000000000000000e+02 9.577452503284028441e-09
4.620000000000000000e+02 9.554591893693036487e-09
4.630000000000000000e+02 9.531842386563943160e-09
4.640000000000000000e+02 9.509201393645365924e-09
4.650000000000000000e+02 9.486666216224396952e-09
4.660000000000000000e+02 9.464234607990031929e-09
4.670000000000000000e+02 9.441906484571658246e-09
4.680000000000000000e+02 9.419682265833712385e-09
4.690000000000000000e+02 9.397562316587352188e-09
4.700000000000000000e+02 9.375546946141226650e-09
4.710000000000000000e+02 9.353636407830226161e-09
4.720000000000000000e+02 9.331830898581943907e-09
4.730000000000000000e+02 9.310130558436017767e-09
4.740000000000000000e+02 9.288535470098008644e-09
4.750000000000000000e+02 9.267045658483895260e-09
4.760000000000000000e+02 9.245661090261372732e-09
4.770000000000000000e+02 9.224381673391207393e-09
4.780000000000000000e+02 9.203207256671681953e-09
4.790000000000000000e+02 9.182137629276800421e-09
4.800000000000000000e+02 9.161172520313306415e-09
4.810000000000000000e+02 9.140311598349464837e-09
4.820000000000000000e+02 9.119554470956363752e-09
4.830000000000000000e+02 9.098900684268119003e-09
4.840000000000000000e+02 9.078349722507467931e-09
4.850000000000000000e+02 9.057901007536542471e-09
4.860000000000000000e+02 9.037553898401324247e-09
4.870000000000000000e+02 9.017307690872984504e-09
4.880000000000000000e+02 8.997161616982909338e-09
4.890000000000000000e+02 8.977114844582897697e-09
4.900000000000000000e+02 8.957166476873911616e-09
4.910000000000000000e+02 8.937315551947402919e-09
4.920000000000000000e+02 8.917561042348634640e-09
4.930000000000000000e+02 8.897901854592881291e-09
4.940000000000000000e+02 8.878336828725590451e-09
4.950000000000000000e+02 8.858864737860587687e-09
4.960000000000000000e+02 8.839484287727668316e-09
4.970000000000000000e+02 8.820194116204517400e-09
4.980000000000000000e+02 8.800992792867449763e-09
4.990000000000000000e+02 8.781878818542168194e-09
5.000000000000000000e+02 8.762850624832525272e-09
5.010000000000000000e+02 8.743906573661841793e-09
5.020000000000000000e+02 8.725044956839381407e-09
5.030000000000000000e+02 8.706263995573386084e-09
5.040000000000000000e+02 8.687561840034422357e-09
5.050000000000000000e+02 8.668936952007612334e-09
5.060000000000000000e+02 8.650389265890216201e-09
5.070000000000000000e+02 8.631919060244121324e-09
5.080000000000000000e+02 8.613526577430629983e-09
5.090000000000000000e+02 8.595212023315167469e-09
5.100000000000000000e+02 8.576975567019089850e-09
5.110000000000000000e+02 8.558817340614953945e-09
5.120000000000000000e+02 8.540737438868901845e-09
5.130000000000000000e+02 8.522735918951635738e-09
5.140000000000000000e+02 8.504812800168244175e-09
5.150000000000000000e+02 8.486968063681736806e-09
5.160000000000000000e+02 8.469201652230304114e-09
5.170000000000000000e+02 8.451513469853998751e-09
5.180000000000000000e+02 8.433903381615131941e-09
5.190000000000000000e+02 8.416371213324958119e-09
5.200000000000000000e+02 8.398916751267214625e-09
5.210000000000000000e+02 8.381539741915371522e-09
5.220000000000000000e+02 8.364239891656177903e-09
5.230000000000000000e+02 8.347016866522631454e-09
5.240000000000000000e+02 8.329870291901798399e-09
5.250000000000000000e+02 8.312799752270919734e-09
5.260000000000000000e+02 8.295804790914687502e-09
5.270000000000000000e+02 8.278884909645621358e-09
5.280000000000000000e+02 8.262039568527614876e-09
5.290000000000000000e+02 8.245268185608901798e-09
5.300000000000000000e+02 8.228570136629892531e-09
5.310000000000000000e+02 8.211944754759268792e-09
5.320000000000000000e+02 8.195391330304970011e-09
5.330000000000000000e+02 8.178909110450289625e-09
5.340000000000000000e+02 8.162497298964848249e-09
5.350000000000000000e+02 8.146155055931289892e-09
5.360000000000000000e+02 8.129881497471945088e-09
5.370000000000000000e+02 8.113675695475515527e-09
5.380000000000000000e+02 8.097536677298637225e-09
5.390000000000000000e+02 8.081463425517680009e-09
5.400000000000000000e+02 8.065454877633440737e-09
5.410000000000000000e+02 8.049509925794687951e-09
5.420000000000000000e+02 8.033627416534256525e-09
5.430000000000000000e+02 8.017806150470620748e-09
5.440000000000000000e+02 8.002045127807619110e-09
5.450000000000000000e+02 7.986344292527516776e-09
5.460000000000000000e+02 7.970703807550164413e-09
5.470000000000000000e+02 7.955123810618695056e-09
5.480000000000000000e+02 7.939604414098451388e-09
5.490000000000000000e+02 7.924145704823052394e-09
5.500000000000000000e+02 7.908747743899620446e-09
5.510000000000000000e+02 7.893410566548553115e-09
5.520000000000000000e+02 7.878134181899308819e-09
5.530000000000000000e+02 7.862918572839639921e-09
5.540000000000000000e+02 7.847763695827073304e-09
5.550000000000000000e+02 7.832669480706697374e-09
5.560000000000000000e+02 7.817635830541535437e-09
5.570000000000000000e+02 7.802662621430311195e-09
5.580000000000000000e+02 7.787749702331532244e-09
5.590000000000000000e+02 7.772896894890703626e-09
5.600000000000000000e+02 7.758103993245541681e-09
5.610000000000000000e+02 7.743370763872035740e-09
5.620000000000000000e+02 7.728696945392821803e-09
5.630000000000000000e+02 7.714082248398102906e-09
5.640000000000000000e+02 7.699526355275999338e-09
5.650000000000000000e+02 7.685028920030347220e-09
5.660000000000000000e+02 7.670589568104763808e-09
5.670000000000000000e+02 7.656207896197292863e-09
5.680000000000000000e+02 7.641883472100181416e-09
5.690000000000000000e+02 7.627615834505106864e-09
5.700000000000000000e+02 7.613404492836667160e-09
5.710000000000000000e+02 7.599248927063887866e-09
5.720000000000000000e+02 7.585148587533723923e-09
5.730000000000000000e+02 7.571102894791968436e-09
5.740000000000000000e+02 7.557111239394787842e-09
5.750000000000000000e+02 7.543172981745327267e-09
5.760000000000000000e+02 7.529287451908380714e-09
5.770000000000000000e+02 7.515453949431308110e-09
5.780000000000000000e+02 7.501671743171252171e-09
5.790000000000000000e+02 7.487940071119205350e-09
5.800000000000000000e+02 7.474258140214661829e-09
5.810000000000000000e+02 7.460625126169679511e-09
5.820000000000000000e+02 7.447040173302390065e-09
5.830000000000000000e+02 7.433502567475367529e-09
5.840000000000000000e+02 7.420012260078756733e-09
5.850000000000000000e+02 7.406569356789444489e-09
5.860000000000000000e+02 7.393173945521766211e-09
5.870000000000000000e+02 7.379826096286109327e-09
5.880000000000000000e+02 7.366525861100969082e-09
5.890000000000000000e+02 7.353273273851560214e-09
5.900000000000000000e+02 7.340068350189297965e-09
5.910000000000000000e+02 7.326911087409272781e-09
5.920000000000000000e+02 7.313801464334009101e-09
5.930000000000000000e+02 7.300739441197222493e-09
5.940000000000000000e+02 7.287724959524454182e-09
5.950000000000000000e+02 7.274757942026239850e-09
5.960000000000000000e+02 7.261838292466173496e-09
5.970000000000000000e+02 7.248965895560364464e-09
5.980000000000000000e+02 7.236140616845512888e-09
5.990000000000000000e+02 7.223362302581495109e-09
6.000000000000000000e+02 7.210630779610007614e-09
6.010000000000000000e+02 7.197945855260319723e-09
6.020000000000000000e+02 7.185307317220450971e-09
6.030000000000000000e+02 7.172714933427238797e-09
6.040000000000000000e+02 7.160168451940658382e-09
6.050000000000000000e+02 7.147667600840161196e-09
6.060000000000000000e+02 7.135212088095858165e-09
6.070000000000000000e+02 7.122801601458570826e-09
6.080000000000000000e+02 7.110435808343596728e-09
6.090000000000000000e+02 7.098114355711317496e-09
6.100000000000000000e+02 7.085836869950967548e-09
6.110000000000000000e+02 7.073602956764396189e-09
6.120000000000000000e+02 7.061412201049823096e-09
6.130000000000000000e+02 7.049264166788746186e-09
6.140000000000000000e+02 7.037158396926558769e-09
6.150000000000000000e+02 7.025094413246884273e-09
6.160000000000000000e+02 7.013071716274192270e-09
6.170000000000000000e+02 7.001089785138702512e-09
6.180000000000000000e+02 6.989148077472717691e-09
6.190000000000000000e+02 6.977246029288097313e-09
6.200000000000000000e+02 6.965383054856887262e-09
6.210000000000000000e+02 6.953558546604488600e-09
6.220000000000000000e+02 6.941771996880947917e-09
6.230000000000000000e+02 6.930023366664541770e-09
6.240000000000000000e+02 6.918312725265084407e-09
6.250000000000000000e+02 6.906640129136999991e-09
6.260000000000000000e+02 6.895005621797628581e-09
6.270000000000000000e+02 6.883409233745549497e-09
6.280000000000000000e+02 6.871850982378905502e-09
6.290000000000000000e+02 6.860330871929422742e-09
6.300000000000000000e+02 6.848848893371301765e-09
6.310000000000000000e+02 6.837405024345831589e-09
6.320000000000000000e+02 6.825999229085975644e-09
6.330000000000000000e+02 6.814631458331564255e-09
6.340000000000000000e+02 6.803301649260167982e-09
6.350000000000000000e+02 6.792009725392857763e-09
6.360000000000000000e+02 6.780755596531364001e-09
6.370000000000000000e+02 6.769539158670119969e-09
6.380000000000000000e+02 6.758360293920862642e-09
6.390000000000000000e+02 6.747218870430949440e-09
6.400000000000000000e+02 6.736114742307954923e-09
6.410000000000000000e+02 6.725047749538004905e-09
6.420000000000000000e+02 6.714017717907216631e-09
6.430000000000000000e+02 6.703024458926312838e-09
6.440000000000000000e+02 6.692067769748943471e-09
6.450000000000000000e+02 6.681147433089989177e-09
6.460000000000000000e+02 6.670263217153323635e-09
6.470000000000000000e+02 6.659414875550115396e-09
6.480000000000000000e+02 6.648602147217157043e-09
6.490000000000000000e+02 6.637824756341466017e-09
6.500000000000000000e+02 6.627082412278593916e-09
6.510000000000000000e+02 6.616374809480381369e-09
6.520000000000000000e+02 6.605701627406991512e-09
6.530000000000000000e+02 6.595062530451501723e-09
6.540000000000000000e+02 6.584457167870802605e-09
6.550000000000000000e+02 6.573885173685059150e-09
6.560000000000000000e+02 6.563346166624301340e-09
6.570000000000000000e+02 6.552839750031040997e-09
6.580000000000000000e+02 6.542365511784873448e-09
6.590000000000000000e+02 6.531923024233351693e-09
6.600000000000000000e+02 6.521511844104040562e-09
6.610000000000000000e+02 6.511131600403119985e-09
6.620000000000000000e+02 6.500782260423469014e-09
6.630000000000000000e+02 6.490463869441721758e-09
6.640000000000000000e+02 6.480176463234333891e-09
6.650000000000000000e+02 6.469920068005330084e-09
6.660000000000000000e+02 6.459694700342321151e-09
6.670000000000000000e+02 6.449500367156808909e-09
6.680000000000000000e+02 6.439337065633926687e-09
6.690000000000000000e+02 6.429204783175889116e-09
6.700000000000000000e+02 6.419103497339157015e-09
6.710000000000000000e+02 6.409033175793602791e-09
6.720000000000000000e+02 6.398993776259667870e-09
6.730000000000000000e+02 6.388985246454970676e-09
6.740000000000000000e+02 6.379007524044030587e-09
6.750000000000000000e+02 6.369060536569152866e-09
6.760000000000000000e+02 6.359144201419017297e-09
6.770000000000000000e+02 6.349258425750137390e-09
6.780000000000000000e+02 6.339403106449155836e-09
6.790000000000000000e+02 6.329578130070023443e-09
6.800000000000000000e+02 6.319783372783723929e-09
6.810000000000000000e+02 6.310018700318585399e-09
6.820000000000000000e+02 6.300283967910020842e-09
6.830000000000000000e+02 6.290579020240829688e-09
6.840000000000000000e+02 6.280903691394079117e-09
6.850000000000000000e+02 6.271257804790269759e-09
6.860000000000000000e+02 6.261641173143356990e-09
6.870000000000000000e+02 6.252053598388490913e-09
6.880000000000000000e+02 6.242494871644319252e-09
6.890000000000000000e+02 6.232964773156429713e-09
6.900000000000000000e+02 6.223463072225112290e-09
6.910000000000000000e+02 6.213989527180211332e-09
6.920000000000000000e+02 6.204543885296301470e-09
6.930000000000000000e+02 6.195125882761282884e-09
6.940000000000000000e+02 6.185735244604120455e-09
6.950000000000000000e+02 6.176371684653993455e-09
6.960000000000000000e+02 6.167034905477476965e-09
6.970000000000000000e+02 6.157724598325127517e-09
6.980000000000000000e+02 6.148440443081225255e-09
6.990000000000000000e+02 6.139182108204063898e-09
7.000000000000000000e+02 6.129949315879471932e-09
7.010000000000000000e+02 6.120742039102311845e-09
7.020000000000000000e+02 6.111560308591082156e-09
7.030000000000000000e+02 6.102404147910866461e-09
7.040000000000000000e+02 6.093273573445070323e-09
7.050000000000000000e+02 6.084168594348296798e-09
7.060000000000000000e+02 6.075089212511781859e-09
7.070000000000000000e+02 6.066035422519422306e-09
7.080000000000000000e+02 6.057007211616350346e-09
7.090000000000000000e+02 6.048004559658675756e-09
7.100000000000000000e+02 6.039027439088344551e-09
7.110000000000000000e+02 6.030075814886026914e-09
7.120000000000000000e+02 6.021149644539688471e-09
7.130000000000000000e+02 6.012248877991191645e-09
7.140000000000000000e+02 6.003373457614308365e-09
7.150000000000000000e+02 5.994523318167574085e-09
7.160000000000000000e+02 5.985698386753480480e-09
7.170000000000000000e+02 5.976898582787031829e-09
7.180000000000000000e+02 5.968123817948633772e-09
7.190000000000000000e+02 5.959373996155816140e-09
7.200000000000000000e+02 5.950649013509830174e-09
7.210000000000000000e+02 5.941948758276785499e-09
7.220000000000000000e+02 5.933273110824838993e-09
7.230000000000000000e+02 5.924621943608467596e-09
7.240000000000000000e+02 5.915995121115073812e-09
7.250000000000000000e+02 5.907392499830420301e-09
7.260000000000000000e+02 5.898813928197797770e-09
7.270000000000000000e+02 5.890259246586596245e-09
7.280000000000000000e+02 5.881728287248335456e-09
7.290000000000000000e+02 5.873220874272677852e-09
7.300000000000000000e+02 5.864736823559153092e-09
7.310000000000000000e+02 5.856275942773172711e-09
7.320000000000000000e+02 5.847838031302055546e-09
7.330000000000000000e+02 5.839422880229892199e-09
7.340000000000000000e+02 5.831030272284132329e-09
7.350000000000000000e+02 5.822659981807316583e-09
7.360000000000000000e+02 5.814311774709955427e-09
7.370000000000000000e+02 5.805985408442242874e-09
7.380000000000000000e+02 5.797680631943803607e-09
7.390000000000000000e+02 5.789397234533150918e-09
7.400000000000000000e+02 5.781135193675641604e-09
7.410000000000000000e+02 5.772894530046094250e-09
7.420000000000000000e+02 5.764675258859244699e-09
7.430000000000000000e+02 5.756477389832035718e-09
7.440000000000000000e+02 5.748300927155356374e-09
7.450000000000000000e+02 5.740145869468894916e-09
7.460000000000000000e+02 5.732012209836013988e-09
7.470000000000000000e+02 5.723899935706051875e-09
7.480000000000000000e+02 5.715809028898611035e-09
7.490000000000000000e+02 5.707739465569005109e-09
7.500000000000000000e+02 5.699691216173693526e-09
7.510000000000000000e+02 5.691664245464010643e-09
7.520000000000000000e+02 5.683658512426461511e-09
7.530000000000000000e+02 5.675673970282731791e-09
7.540000000000000000e+02 5.667710566451987351e-09
7.550000000000000000e+02 5.659768242510028083e-09
7.560000000000000000e+02 5.651846934189292042e-09
7.570000000000000000e+02 5.643946571319168572e-09
7.580000000000000000e+02 5.636067077819705117e-09
7.590000000000000000e+02 5.628208371673344114e-09
7.600000000000000000e+02 5.620370364880932699e-09
7.610000000000000000e+02 5.612552963449163628e-09
7.620000000000000000e+02 5.604756067352862454e-09
7.630000000000000000e+02 5.596979570516158416e-09
7.640000000000000000e+02 5.589223360777908292e-09
7.650000000000000000e+02 5.581487319857149196e-09
7.660000000000000000e+02 5.573771323349951989e-09
7.670000000000000000e+02 5.566075240666597731e-09
7.680000000000000000e+02 5.558398935031561974e-09
7.690000000000000000e+02 5.550742263448976652e-09
7.700000000000000000e+02 5.543105076658628218e-09
7.710000000000000000e+02 5.535487219129691744e-09
7.720000000000000000e+02 5.527888529026163875e-09
7.730000000000000000e+02 5.520308838166021612e-09
7.740000000000000000e+02 5.512747972011802375e-09
7.750000000000000000e+02 5.505205749629762795e-09
7.760000000000000000e+02 5.497681983671023954e-09
7.770000000000000000e+02 5.490176480330731824e-09
7.780000000000000000e+02 5.482689076745585940e-09
7.790000000000000000e+02 5.475219753943506604e-09
7.800000000000000000e+02 5.467768525954845161e-09
7.810000000000000000e+02 5.460335402556242004e-09
7.820000000000000000e+02 5.452920389273753315e-09
7.830000000000000000e+02 5.445523487348311314e-09
7.840000000000000000e+02 5.438144693713721251e-09
7.850000000000000000e+02 5.430784000980956559e-09
7.860000000000000000e+02 5.423441397419311540e-09
7.870000000000000000e+02 5.416116866931265003e-09
7.880000000000000000e+02 5.408810389033631297e-09
7.890000000000000000e+02 5.401521938832433050e-09
7.900000000000000000e+02 5.394251487016607146e-09
7.910000000000000000e+02 5.386998999817177575e-09
7.920000000000000000e+02 5.379764439004100567e-09
7.930000000000000000e+02 5.372547761858003136e-09
7.940000000000000000e+02 5.365348921145034310e-09
7.950000000000000000e+02 5.358167865104316799e-09
7.960000000000000000e+02 5.351004537432228087e-09
7.970000000000000000e+02 5.343858877238417578e-09
7.980000000000000000e+02 5.336730819052093999e-09
7.990000000000000000e+02 5.329620292787467448e-09
8.000000000000000000e+02 5.322527223724898777e-09
8.010000000000000000e+02 5.315451532495191429e-09
8.020000000000000000e+02 5.308393135045033486e-09
8.030000000000000000e+02 5.301351942640137650e-09
8.040000000000000000e+02 5.294327861821269147e-09
8.050000000000000000e+02 5.287320794391662656e-09
8.060000000000000000e+02 5.280330637410753933e-09
8.070000000000000000e+02 5.273357283143905429e-09
8.080000000000000000e+02 5.266400619071832838e-09
8.090000000000000000e+02 5.259460527852911309e-09
8.100000000000000000e+02 5.252536887304318205e-09
8.110000000000000000e+02 5.245629570386332386e-09
8.120000000000000000e+02 5.238738445174048775e-09
8.130000000000000000e+02 5.231863374854251609e-09
8.140000000000000000e+02 5.225004217675140057e-09
8.150000000000000000e+02 5.218160826958892270e-09
8.160000000000000000e+02 5.211333051054548342e-09
8.170000000000000000e+02 5.204520762334907746e-09
8.180000000000000000e+02 5.197723944733864784e-09
8.190000000000000000e+02 5.190942607723320722e-09
8.200000000000000000e+02 5.184176757445090779e-09
8.210000000000000000e+02 5.177426396692050207e-09
8.220000000000000000e+02 5.170691524889286971e-09
8.230000000000000000e+02 5.163972138081536057e-09
8.240000000000000000e+02 5.157268228926895377e-09
8.250000000000000000e+02 5.150579786659127839e-09
8.260000000000000000e+02 5.143906797097083763e-09
8.270000000000000000e+02 5.137249242610144583e-09
8.280000000000000000e+02 5.130607102115082043e-09
8.290000000000000000e+02 5.123980351060350036e-09
8.300000000000000000e+02 5.117368961397810744e-09
8.310000000000000000e+02 5.110772901579587217e-09
8.320000000000000000e+02 5.104192136539225158e-09
8.330000000000000000e+02 5.097626627682256452e-09
8.340000000000000000e+02 5.091076332857935227e-09
8.350000000000000000e+02 5.084541206349805517e-09
8.360000000000000000e+02 5.078021198863132248e-09
8.370000000000000000e+02 5.071516257515490409e-09
8.380000000000000000e+02 5.065026325802193864e-09
8.390000000000000000e+02 5.058551343599442773e-09
8.400000000000000000e+02 5.052091247136046423e-09
8.410000000000000000e+02 5.045645968990285733e-09
8.420000000000000000e+02 5.039215438064776888e-09
8.430000000000000000e+02 5.032799579570765663e-09
8.440000000000000000e+02 5.026398315024984963e-09
8.450000000000000000e+02 5.020011562218236019e-09
8.460000000000000000e+02 5.013639235209112574e-09
8.470000000000000000e+02 5.007281244308284445e-09
8.480000000000000000e+02 5.000937496059655182e-09
8.490000000000000000e+02 4.994607893230930551e-09
8.500000000000000000e+02 4.988292334788491269e-09
8.510000000000000000e+02 4.981990715891106432e-09
8.520000000000000000e+02 4.975702927871087859e-09
8.530000000000000000e+02 4.969428858218576141e-09
8.540000000000000000e+02 4.963168390568980733e-09
8.550000000000000000e+02 4.956921404677842758e-09
8.560000000000000000e+02 4.950687799194240589e-09
8.570000000000000000e+02 4.944467560376848883e-09
8.580000000000000000e+02 4.938260694505710532e-09
8.590000000000000000e+02 4.932067205212508249e-09
8.600000000000000000e+02 4.925887093467991423e-09
8.610000000000000000e+02 4.919720357566277883e-09
8.620000000000000000e+02 4.913566993105996667e-09
8.630000000000000000e+02 4.907426993002852061e-09
8.640000000000000000e+02 4.901300347448796453e-09
8.650000000000000000e+02 4.895187043921438679e-09
8.660000000000000000e+02 4.889087067158924208e-09
8.670000000000000000e+02 4.883000399163066013e-09
8.680000000000000000e+02 4.876927019167938187e-09
8.690000000000000000e+02 4.870866903649295040e-09
8.700000000000000000e+02 4.864820026293155612e-09
8.710000000000000000e+02 4.858786358002088589e-09
8.720000000000000000e+02 4.852765866870081728e-09
8.730000000000000000e+02 4.846758518176249499e-09
8.740000000000000000e+02 4.840764274375419762e-09
8.750000000000000000e+02 4.834783095082418995e-09
8.760000000000000000e+02 4.828814937056365789e-09
8.770000000000000000e+02 4.822859754206954107e-09
8.780000000000000000e+02 4.816917497559895339e-09
8.790000000000000000e+02 4.810988115256919949e-09
8.800000000000000000e+02 4.805071552546353415e-09
8.810000000000000000e+02 4.799167751767401442e-09
8.820000000000000000e+02 4.793276652334450909e-09
8.830000000000000000e+02 4.787398190740204880e-09
8.840000000000000000e+02 4.781532300521130444e-09
8.850000000000000000e+02 4.775678912263738667e-09
8.860000000000000000e+02 4.769837953595158873e-09
8.870000000000000000e+02 4.764009349148583173e-09
8.880000000000000000e+02 4.758193020582114601e-09
8.890000000000000000e+02 4.752388886544212471e-09
8.900000000000000000e+02 4.746596862667406632e-09
8.910000000000000000e+02 4.740816861565154185e-09
8.920000000000000000e+02 4.735048792812995475e-09
8.930000000000000000e+02 4.729292562932840973e-09
8.940000000000000000e+02 4.723548075392971274e-09
8.950000000000000000e+02 4.717815248599942514e-09
8.960000000000000000e+02 4.712094070257562685e-09
8.970000000000000000e+02 4.706384543881274945e-09
8.980000000000000000e+02 4.700686670843950129e-09
8.990000000000000000e+02 4.695000450375904121e-09
9.000000000000000000e+02 4.689325879552309822e-09
9.010000000000000000e+02 4.683662953283790446e-09
9.020000000000000000e+02 4.678011664303838110e-09
9.030000000000000000e+02 4.672372003171970349e-09
9.040000000000000000e+02 4.666743958251727116e-09
9.050000000000000000e+02 4.661127515710674918e-09
9.060000000000000000e+02 4.655522659504701959e-09
9.070000000000000000e+02 4.649929371368585807e-09
9.080000000000000000e+02 4.644347630819144949e-09
9.090000000000000000e+02 4.638777415130097462e-09
9.100000000000000000e+02 4.633218699335205955e-09
9.110000000000000000e+02 4.627671456209427778e-09
9.120000000000000000e+02 4.622135656272059962e-09
9.130000000000000000e+02 4.616611267767881154e-09
9.140000000000000000e+02 4.611098256657737479e-09
9.150000000000000000e+02 4.605596586618532606e-09
9.160000000000000000e+02 4.600106219021244604e-09
9.170000000000000000e+02 4.594627112940345043e-09
9.180000000000000000e+02 4.589159225125528445e-09
9.190000000000000000e+02 4.583702510001709798e-09
9.200000000000000000e+02 4.578256919662743780e-09
9.210000000000000000e+02 4.572822403855712457e-09
9.220000000000000000e+02 4.567398909980931905e-09
9.230000000000000000e+02 4.561986383073095798e-09
9.240000000000000000e+02 4.556584765794997109e-09
9.250000000000000000e+02 4.551193998434383995e-09
9.260000000000000000e+02 4.545814018891394925e-09
9.270000000000000000e+02 4.540444762662848863e-09
9.280000000000000000e+02 4.535086162848531019e-09
9.290000000000000000e+02 4.529738150122916499e-09
9.300000000000000000e+02 4.524400652744594382e-09
9.310000000000000000e+02 4.519073596534278771e-09
9.320000000000000000e+02 4.513756904874809625e-09
9.330000000000000000e+02 4.508450498698582093e-09
9.340000000000000000e+02 4.503154311073964235e-09
9.350000000000000000e+02 4.497868331266135279e-09
9.360000000000000000e+02 4.492592561351686659e-09
9.370000000000000000e+02 4.487327001679335387e-09
9.380000000000000000e+02 4.482071650851073436e-09
9.390000000000000000e+02 4.476826505722165257e-09
9.400000000000000000e+02 4.471591561394870308e-09
9.410000000000000000e+02 4.466366811212151515e-09
9.420000000000000000e+02 4.461152246745116192e-09
9.430000000000000000e+02 4.455947857789871924e-09
9.440000000000000000e+02 4.450753632361242479e-09
9.450000000000000000e+02 4.445569556683343738e-09
9.460000000000000000e+02 4.440395615189584521e-09
9.470000000000000000e+02 4.435231790500674339e-09
9.480000000000000000e+02 4.430078063437190745e-09
9.490000000000000000e+02 4.424934412994442973e-09
9.500000000000000000e+02 4.419800816348763474e-09
9.510000000000000000e+02 4.414677248841788998e-09
9.520000000000000000e+02 4.409563683980469700e-09
9.530000000000000000e+02 4.404460093427640102e-09
9.540000000000000000e+02 4.399366446986310937e-09
9.550000000000000000e+02 4.394282712609094870e-09
9.560000000000000000e+02 4.389208856379359190e-09
9.570000000000000000e+02 4.384144842508080038e-09
9.580000000000000000e+02 4.379090633327561629e-09
9.590000000000000000e+02 4.374046189282009702e-09
9.600000000000000000e+02 4.369011468918110753e-09
9.610000000000000000e+02 4.363986428891309519e-09
9.620000000000000000e+02 4.358971023940682532e-09
9.630000000000000000e+02 4.353965206892071480e-09
9.640000000000000000e+02 4.348968928658093964e-09
9.650000000000000000e+02 4.343982138209858055e-09
9.660000000000000000e+02 4.339004782589540402e-09
9.670000000000000000e+02 4.334036806900946446e-09
9.680000000000000000e+02 4.329078154293818806e-09
9.690000000000000000e+02 4.324128765957540779e-09
9.700000000000000000e+02 4.319188581124286243e-09
9.710000000000000000e+02 4.314257537053309845e-09
9.720000000000000000e+02 4.309335569027800403e-09
9.730000000000000000e+02 4.304422622330640517e-09
9.740000000000000000e+02 4.299518688382139994e-09
9.750000000000000000e+02 4.294623769120661768e-09
9.760000000000000000e+02 4.289737865089700724e-09
9.770000000000000000e+02 4.284860975403329057e-09
9.780000000000000000e+02 4.279993097752475394e-09
9.790000000000000000e+02 4.275134228408068086e-09
9.800000000000000000e+02 4.270284362199047092e-09
9.810000000000000000e+02 4.265443492521785562e-09
9.820000000000000000e+02 4.260611611321237570e-09
9.830000000000000000e+02 4.255788709100367967e-09
9.840000000000000000e+02 4.250974774898164271e-09
9.850000000000000000e+02 4.246169796302191609e-09
9.860000000000000000e+02 4.241373759423466285e-09
9.870000000000000000e+02 4.236586648905886462e-09
9.880000000000000000e+02 4.231808447919939798e-09
9.890000000000000000e+02 4.227039138150140230e-09
9.900000000000000000e+02 4.222278699788748020e-09
9.910000000000000000e+02 4.217527111538903937e-09
9.920000000000000000e+02 4.212784350605213463e-09
9.930000000000000000e+02 4.208050392687456913e-09
9.940000000000000000e+02 4.203325211974308652e-09
9.950000000000000000e+02 4.198608781140197114e-09
9.960000000000000000e+02 4.193901071332732489e-09
9.970000000000000000e+02 4.189202052185284000e-09
9.980000000000000000e+02 4.184511691788691985e-09
9.990000000000000000e+02 4.179829956700704366e-09
1.000000000000000000e+03 4.175156811936545144e-09
1.001000000000000000e+03 4.170492220962631958e-09
1.002000000000000000e+03 4.165836145696581047e-09
1.003000000000000000e+03 4.161188546485208385e-09
1.004000000000000000e+03 4.156549382126526064e-09
1.005000000000000000e+03 4.151918609835184347e-09
1.006000000000000000e+03 4.147296185258178168e-09
1.007000000000000000e+03 4.142682062459139805e-09
1.008000000000000000e+03 4.138076193918338048e-09
1.009000000000000000e+03 4.133478530520114156e-09
1.010000000000000000e+03 4.128889021549737741e-09
1.011000000000000000e+03 4.124307614699691689e-09
1.012000000000000000e+03 4.119734265686084357e-09
1.013000000000000000e+03 4.115168967302103003e-09
1.014000000000000000e+03 4.110611720785536561e-09
1.015000000000000000e+03 4.106062526211780889e-09
1.016000000000000000e+03 4.101521382474996423e-09
1.017000000000000000e+03 4.096988287303812204e-09
1.018000000000000000e+03 4.092463237242475254e-09
1.019000000000000000e+03 4.087946227663420417e-09
1.020000000000000000e+03 4.083437252735852382e-09
1.021000000000000000e+03 4.078936305447734626e-09
1.022000000000000000e+03 4.074443377586944588e-09
1.023000000000000000e+03 4.069958459747554445e-09
1.024000000000000000e+03 4.065481541310979674e-09
1.025000000000000000e+03 4.061012610455408903e-09
1.026000000000000000e+03 4.056551654140090795e-09
1.027000000000000000e+03 4.052098658114759766e-09
1.028000000000000000e+03 4.047653606897647873e-09
1.029000000000000000e+03 4.043216483791190491e-09
1.030000000000000000e+03 4.038787270860034062e-09
1.031000000000000000e+03 4.034365948934181036e-09
1.032000000000000000e+03 4.029952497608988217e-09
1.033000000000000000e+03 4.025546895232597753e-09
1.034000000000000000e+03 4.021149118909081249e-09
1.035000000000000000e+03 4.016759144482734918e-09
1.036000000000000000e+03 4.012376946553782775e-09
1.037000000000000000e+03 4.008002498453241102e-09
1.038000000000000000e+03 4.003635772246071659e-09
1.039000000000000000e+03 3.999276738731168450e-09
1.040000000000000000e+03 3.994925367431942752e-09
1.041000000000000000e+03 3.990581626599458960e-09
1.042000000000000000e+03 3.986245483193585618e-09
1.043000000000000000e+03 3.981916902895566085e-09
1.044000000000000000e+03 3.977595850089163780e-09
1.045000000000000000e+03 3.973282287866949582e-09
1.046000000000000000e+03 3.968976178020871144e-09
1.047000000000000000e+03 3.964677481042260337e-09
1.048000000000000000e+03 3.960386156102980149e-09
1.049000000000000000e+03 3.956102161080555261e-09
1.050000000000000000e+03 3.951825452517334964e-09
1.051000000000000000e+03 3.947555993546728046e-09
1.052000000000000000e+03 3.943293777690772936e-09
1.053000000000000000e+03 3.939038805373582504e-09
1.054000000000000000e+03 3.934791076051663521e-09
1.055000000000000000e+03 3.930550588195056934e-09
1.056000000000000000e+03 3.926317339303056786e-09
1.057000000000000000e+03 3.922091325894779525e-09
1.058000000000000000e+03 3.917872543496595825e-09
1.059000000000000000e+03 3.913660986648417985e-09
1.060000000000000000e+03 3.909456648897415009e-09
1.061000000000000000e+03 3.905259522794870975e-09
1.062000000000000000e+03 3.901069599889900946e-09
1.063000000000000000e+03 3.896886870732593427e-09
1.064000000000000000e+03 3.892711324858304686e-09
1.065000000000000000e+03 3.888542950803362779e-09
1.066000000000000000e+03 3.884381736083078609e-09
1.067000000000000000e+03 3.880227667198028361e-09
1.068000000000000000e+03 3.876080729621486974e-09
1.069000000000000000e+03 3.871940907815138784e-09
1.070000000000000000e+03 3.867808185203939504e-09
1.071000000000000000e+03 3.863682544185546083e-09
1.072000000000000000e+03 3.859563966117747697e-09
1.073000000000000000e+03 3.855452431331032276e-09
1.074000000000000000e+03 3.851347919106596736e-09
1.075000000000000000e+03 3.847250407679487783e-09
1.076000000000000000e+03 3.843159874241741063e-09
1.077000000000000000e+03 3.839076294929820425e-09
1.078000000000000000e+03 3.834999644830895396e-09
1.079000000000000000e+03 3.830929897963994694e-09
1.080000000000000000e+03 3.826867027292571933e-09
1.081000000000000000e+03 3.822811004715080725e-09
1.082000000000000000e+03 3.818761801055551437e-09
1.083000000000000000e+03 3.814719386073011128e-09
1.084000000000000000e+03 3.810683728445782003e-09
1.085000000000000000e+03 3.806654795768335645e-09
1.086000000000000000e+03 3.802632554563862029e-09
1.087000000000000000e+03 3.798616970255989864e-09
1.088000000000000000e+03 3.794608007190786296e-09
1.089000000000000000e+03 3.790605628614758033e-09
1.090000000000000000e+03 3.786609803187376662e-09
1.091000000000000000e+03 3.782620524631740096e-09
1.092000000000000000e+03 3.778637792338380832e-09
1.093000000000000000e+03 3.774661604874729583e-09
1.094000000000000000e+03 3.770691959991409293e-09
1.095000000000000000e+03 3.766728854615939469e-09
1.096000000000000000e+03 3.762772284840181229e-09
1.097000000000000000e+03 3.758822245936036366e-09
1.098000000000000000e+03 3.754878732330317600e-09
1.099000000000000000e+03 3.750941737623605816e-09
1.100000000000000000e+03 3.747011254571383726e-09
1.101000000000000000e+03 3.743087275093477309e-09
1.102000000000000000e+03 3.739169790255196095e-09
1.103000000000000000e+03 3.735258790286187090e-09
1.104000000000000000e+03 3.731354264555300897e-09
1.105000000000000000e+03 3.727456201586299871e-09
1.106000000000000000e+03 3.723564589042148722e-09
1.107000000000000000e+03 3.719679413731302741e-09
1.108000000000000000e+03 3.715800661598271735e-09
1.109000000000000000e+03 3.711928317723635334e-09
1.110000000000000000e+03 3.708062366317748970e-09
1.111000000000000000e+03 3.704202790730169190e-09
1.112000000000000000e+03 3.700349573430811304e-09
1.113000000000000000e+03 3.696502696013083578e-09
1.114000000000000000e+03 3.692662139193889296e-09
1.115000000000000000e+03 3.688827882813629661e-09
1.116000000000000000e+03 3.684999905823633128e-09
1.117000000000000000e+03 3.681178186286157885e-09
1.118000000000000000e+03 3.677362701386959623e-09
1.119000000000000000e+03 3.673553427400728620e-09
1.120000000000000000e+03 3.669750339722511855e-09
1.121000000000000000e+03 3.665953412842577465e-09
1.122000000000000000e+03 3.662162620349556378e-09
1.123000000000000000e+03 3.658377934936724343e-09
1.124000000000000000e+03 3.654599328376872172e-09
1.125000000000000000e+03 3.650826771550576714e-09
1.126000000000000000e+03 3.647060234411645797e-09
1.127000000000000000e+03 3.643299686009109233e-09
1.128000000000000000e+03 3.639545094468367792e-09
1.129000000000000000e+03 3.635796432492123356e-09
1.130000000000000000e+03 3.632053693891437466e-09
1.131000000000000000e+03 3.628316877268301267e-09
1.132000000000000000e+03 3.624585980514707421e-09
1.133000000000000000e+03 3.620861000840921068e-09
1.134000000000000000e+03 3.617141934753490063e-09
1.135000000000000000e+03 3.613428778048965428e-09
1.136000000000000000e+03 3.609721525832744116e-09
1.137000000000000000e+03 3.606020172497083791e-09
1.138000000000000000e+03 3.602324711727384024e-09
1.139000000000000000e+03 3.598635136495900131e-09
1.140000000000000000e+03 3.594951439071174692e-09
1.141000000000000000e+03 3.591273610996038264e-09
1.142000000000000000e+03 3.587601643100183356e-09
1.143000000000000000e+03 3.583935525493876615e-09
1.144000000000000000e+03 3.580275247567958824e-09
1.145000000000000000e+03 3.576620797981280860e-09
1.146000000000000000e+03 3.572972164673266910e-09
1.147000000000000000e+03 3.569329334851354975e-09
1.148000000000000000e+03 3.565692294997268552e-09
1.149000000000000000e+03 3.562061030848179253e-09
1.150000000000000000e+03 3.558435527415547908e-09
1.151000000000000000e+03 3.554815768966277258e-09
1.152000000000000000e+03 3.551201739035281788e-09
1.153000000000000000e+03 3.547593420406632563e-09
1.154000000000000000e+03 3.543990795122987081e-09
1.155000000000000000e+03 3.540393844479302707e-09
1.156000000000000000e+03 3.536802549019695036e-09
1.157000000000000000e+03 3.533216888540582836e-09
1.158000000000000000e+03 3.529636842084401062e-09
1.159000000000000000e+03 3.526062387927036394e-09
1.160000000000000000e+03 3.522493503599817008e-09
1.161000000000000000e+03 3.518930165864384898e-09
1.162000000000000000e+03 3.515372350722111671e-09
1.163000000000000000e+03 3.511820033407821900e-09
1.164000000000000000e+03 3.508273188392936825e-09
1.165000000000000000e+03 3.504731789369755857e-09
1.166000000000000000e+03 3.501195809270318355e-09
1.167000000000000000e+03 3.497665220238122330e-09
1.168000000000000000e+03 3.494139998406489171e-09
1.169000000000000000e+03 3.490620138195948337e-09
1.170000000000000000e+03 3.487105638192784465e-09
1.171000000000000000e+03 3.483596496380095477e-09
1.172000000000000000e+03 3.480092710159782756e-09
1.173000000000000000e+03 3.476594276343130388e-09
1.174000000000000000e+03 3.473101191144519829e-09
1.175000000000000000e+03 3.469613450184570712e-09
1.176000000000000000e+03 3.466131048483857994e-09
1.177000000000000000e+03 3.462653980469197293e-09
1.178000000000000000e+03 3.459182239964216675e-09
1.179000000000000000e+03 3.455715820183076707e-09
1.180000000000000000e+03 3.452254713749316933e-09
1.181000000000000000e+03 3.448798912664443285e-09
1.182000000000000000e+03 3.445348408336199040e-09
1.183000000000000000e+03 3.441903191550294272e-09
1.184000000000000000e+03 3.438463252486108636e-09
1.185000000000000000e+03 3.435028580710414307e-09
1.186000000000000000e+03 3.431599165164804076e-09
1.187000000000000000e+03 3.428174994187686906e-09
1.188000000000000000e+03 3.424756055486010355e-09
1.189000000000000000e+03 3.421342336150970801e-09
1.190000000000000000e+03 3.417933822645444017e-09
1.191000000000000000e+03 3.414530500816556252e-09
1.192000000000000000e+03 3.411132355870548278e-09
1.193000000000000000e+03 3.407739372397906792e-09
1.194000000000000000e+03 3.404351534351376713e-09
1.195000000000000000e+03 3.400968825049102817e-09
1.196000000000000000e+03 3.397591227184048427e-09
1.197000000000000000e+03 3.394218722798871456e-09
1.198000000000000000e+03 3.390851293314192480e-09
1.199000000000000000e+03 3.387488919494039676e-09
1.200000000000000000e+03 3.384131581474124343e-09
1.201000000000000000e+03 3.380779258736702053e-09
1.202000000000000000e+03 3.377431930123149517e-09
1.203000000000000000e+03 3.374089573824526871e-09
1.204000000000000000e+03 3.370752167384732543e-09
1.205000000000000000e+03 3.367419687697351690e-09
1.206000000000000000e+03 3.364092110996236273e-09
1.207000000000000000e+03 3.360769416939572838e-09
1.208000000000000000e+03 3.357451600865239105e-09
1.209000000000000000e+03 3.354138661670534660e-09
1.210000000000000000e+03 3.350830597756389927e-09
1.211000000000000000e+03 3.347527407027362853e-09
1.212000000000000000e+03 3.344229086882214430e-09
1.213000000000000000e+03 3.340935634217051153e-09
1.214000000000000000e+03 3.337647045425322950e-09
1.215000000000000000e+03 3.334363316391546127e-09
1.216000000000000000e+03 3.331084442497578355e-09
1.217000000000000000e+03 3.327810418606915061e-09
1.218000000000000000e+03 3.324541239086680853e-09
1.219000000000000000e+03 3.321276897776213613e-09
1.220000000000000000e+03 3.318017388015335878e-09
1.221000000000000000e+03 3.314762702619224675e-09
1.222000000000000000e+03 3.311512833887838489e-09
1.223000000000000000e+03 3.308267773602769012e-09
1.224000000000000000e+03 3.305027513030388978e-09
1.225000000000000000e+03 3.301792042912425615e-09
1.226000000000000000e+03 3.298561353462817356e-09
1.227000000000000000e+03 3.295335434383423241e-09
1.228000000000000000e+03 3.292114274835749058e-09
1.229000000000000000e+03 3.288897863462937522e-09
1.230000000000000000e+03 3.285686188374059707e-09
1.231000000000000000e+03 3.282479237156683636e-09
1.232000000000000000e+03 3.279276996851738747e-09
1.233000000000000000e+03 3.276079453981794303e-09
1.234000000000000000e+03 3.272886594519636869e-09
1.235000000000000000e+03 3.269698403916552028e-09
1.236000000000000000e+03 3.266514867070905583e-09
1.237000000000000000e+03 3.263335968350130015e-09
1.238000000000000000e+03 3.260161691581305379e-09
1.239000000000000000e+03 3.256992020038596084e-09
1.240000000000000000e+03 3.253826936465231152e-09
1.241000000000000000e+03 3.250666423051522303e-09
1.242000000000000000e+03 3.247510461434859822e-09
1.243000000000000000e+03 3.244359032712283222e-09
1.244000000000000000e+03 3.241212117431047662e-09
1.245000000000000000e+03 3.238069695579209807e-09
1.246000000000000000e+03 3.234931750025664783e-09
1.247000000000000000e+03 3.231798276837137757e-09
1.248000000000000000e+03 3.228669275083716835e-09
1.249000000000000000e+03 3.225544743405094814e-09
1.250000000000000000e+03 3.222424680010562152e-09
1.251000000000000000e+03 3.219309082682153979e-09
1.252000000000000000e+03 3.216197948780933770e-09
1.253000000000000000e+03 3.213091275221856571e-09
1.254000000000000000e+03 3.209989058505189039e-09
1.255000000000000000e+03 3.206891294681947355e-09
1.256000000000000000e+03 3.203797979379037310e-09
1.257000000000000000e+03 3.200709107783537050e-09
1.258000000000000000e+03 3.197624674642704099e-09
1.259000000000000000e+03 3.194544674273397368e-09
1.260000000000000000e+03 3.191469100543229014e-09
1.261000000000000000e+03 3.188397946886268049e-09
1.262000000000000000e+03 3.185331206290482501e-09
1.263000000000000000e+03 3.182268871300870289e-09
1.264000000000000000e+03 3.179210934019468739e-09
1.265000000000000000e+03 3.176157386095925136e-09
1.266000000000000000e+03 3.173108218743204056e-09
1.267000000000000000e+03 3.170063422718739647e-09
1.268000000000000000e+03 3.167022988327577670e-09
1.269000000000000000e+03 3.163986905428657107e-09
1.270000000000000000e+03 3.160955163425385273e-09
1.271000000000000000e+03 3.157927751275065185e-09
1.272000000000000000e+03 3.154904657466899592e-09
1.273000000000000000e+03 3.151885870047129822e-09
1.274000000000000000e+03 3.148871376593897764e-09
1.275000000000000000e+03 3.145861164229815700e-09
1.276000000000000000e+03 3.142855219625105873e-09
1.277000000000000000e+03 3.139853528976238133e-09
1.278000000000000000e+03 3.136856078025723543e-09
1.279000000000000000e+03 3.133862852048915883e-09
1.280000000000000000e+03 3.130873835856843916e-09
1.281000000000000000e+03 3.127889013794008197e-09
1.282000000000000000e+03 3.124908369737127475e-09
1.283000000000000000e+03 3.121931887093880142e-09
1.284000000000000000e+03 3.118959548802591143e-09
1.285000000000000000e+03 3.115991340213070852e-09
1.286000000000000000e+03 3.113027257777518461e-09
1.287000000000000000e+03 3.110067300456696510e-09
1.288000000000000000e+03 3.107111466844425252e-09
1.289000000000000000e+03 3.104159755166021772e-09
1.290000000000000000e+03 3.101212163277348308e-09
1.291000000000000000e+03 3.098268688663873406e-09
1.292000000000000000e+03 3.095329328440044500e-09
1.293000000000000000e+03 3.092394079347403184e-09
1.294000000000000000e+03 3.089462937753637260e-09
1.295000000000000000e+03 3.086535899652275925e-09
1.296000000000000000e+03 3.083612960660482437e-09
1.297000000000000000e+03 3.080694116019372168e-09
1.298000000000000000e+03 3.077779360591812715e-09
1.299000000000000000e+03 3.074868688861481744e-09
1.300000000000000000e+03 3.071962094932552659e-09
1.301000000000000000e+03 3.069059572528436873e-09
1.302000000000000000e+03 3.066161114989272079e-09
1.303000000000000000e+03 3.063266715273178732e-09
1.304000000000000000e+03 3.060376365953432334e-09
1.305000000000000000e+03 3.057490059218776523e-09
1.306000000000000000e+03 3.054607786870595355e-09
1.307000000000000000e+03 3.051729540323860840e-09
1.308000000000000000e+03 3.048855310603984277e-09
1.309000000000000000e+03 3.045985088348076880e-09
1.310000000000000000e+03 3.043118863802122473e-09
1.311000000000000000e+03 3.040256626820032850e-09
1.312000000000000000e+03 3.037398366863650257e-09
1.313000000000000000e+03 3.034544073000545024e-09
1.314000000000000000e+03 3.031693733904334442e-09
1.315000000000000000e+03 3.028847337851536580e-09
1.316000000000000000e+03 3.026004872722829673e-09
1.317000000000000000e+03 3.023166326000223986e-09
1.318000000000000000e+03 3.020331684767060988e-09
1.319000000000000000e+03 3.017500935705815536e-09
1.320000000000000000e+03 3.014674065099036790e-09
1.321000000000000000e+03 3.011851058826209062e-09
1.322000000000000000e+03 3.009031902363120268e-09
1.323000000000000000e+03 3.006216580782179973e-09
1.324000000000000000e+03 3.003405081214481129e-09
1.325000000000000000e+03 3.000597400273072749e-09
1.326000000000000000e+03 2.997793536710114827e-09
1.327000000000000000e+03 2.994993488958895024e-09
1.328000000000000000e+03 2.992197255132886504e-09
1.329000000000000000e+03 2.989404833024492278e-09
1.330000000000000000e+03 2.986616220104416132e-09
1.331000000000000000e+03 2.983831413521349122e-09
1.332000000000000000e+03 2.981050410099454123e-09
1.333000000000000000e+03 2.978273206339312534e-09
1.334000000000000000e+03 2.975499798416034586e-09
1.335000000000000000e+03 2.972730182178946665e-09
1.336000000000000000e+03 2.969964353149397218e-09
1.337000000000000000e+03 2.967202306522003312e-09
1.338000000000000000e+03 2.964444037161205015e-09
1.339000000000000000e+03 2.961689539603143096e-09
1.340000000000000000e+03 2.958938808052209267e-09
1.341000000000000000e+03 2.956191836381982137e-09
1.342000000000000000e+03 2.953448618133348688e-09
1.343000000000000000e+03 2.950709146513555909e-09
1.344000000000000000e+03 2.947973414396528852e-09
1.345000000000000000e+03 2.945241414320672392e-09
1.346000000000000000e+03 2.942513138487924525e-09
1.347000000000000000e+03 2.939788578764387918e-09
1.348000000000000000e+03 2.937067726677500538e-09
1.349000000000000000e+03 2.934350573416666378e-09
1.350000000000000000e+03 2.931637109831368241e-09
1.351000000000000000e+03 2.928927326431169814e-09
1.352000000000000000e+03 2.926221213383513708e-09
1.353000000000000000e+03 2.923518760514351358e-09
1.354000000000000000e+03 2.920819957306259947e-09
1.355000000000000000e+03 2.918124792897810851e-09
1.356000000000000000e+03 2.915433256082629553e-09
1.357000000000000000e+03 2.912745335308764498e-09
1.358000000000000000e+03 2.910061018677433919e-09
1.359000000000000000e+03 2.907380293942709854e-09
1.360000000000000000e+03 2.904703148509319496e-09
1.361000000000000000e+03 2.902029569433272200e-09
1.362000000000000000e+03 2.899359543420604649e-09
1.363000000000000000e+03 2.896693058967118838e-09
1.364000000000000000e+03 2.894030112807442787e-09
1.365000000000000000e+03 2.891370703534771814e-09
1.366000000000000000e+03 2.888714829463641465e-09
1.367000000000000000e+03 2.886062488628985344e-09
1.368000000000000000e+03 2.883413678787077696e-09
1.369000000000000000e+03 2.880768397413022078e-09
1.370000000000000000e+03 2.878126641701059077e-09
1.371000000000000000e+03 2.875488408563634898e-09
1.372000000000000000e+03 2.872853694629817733e-09
1.373000000000000000e+03 2.870222496245937581e-09
1.374000000000000000e+03 2.867594809473378506e-09
1.375000000000000000e+03 2.864970630089525754e-09
1.376000000000000000e+03 2.862349953584937216e-09
1.377000000000000000e+03 2.859732775164601150e-09
1.378000000000000000e+03 2.857119089745419071e-09
1.379000000000000000e+03 2.854508891957153291e-09
1.380000000000000000e+03 2.851902176139910632e-09
1.381000000000000000e+03 2.849298936345085410e-09
1.382000000000000000e+03 2.846699166333788211e-09
1.383000000000000000e+03 2.844102859575276725e-09
1.384000000000000000e+03 2.841510009248210992e-09
1.385000000000000000e+03 2.838920608237511362e-09
1.386000000000000000e+03 2.836334649136244459e-09
1.387000000000000000e+03 2.833752124241855381e-09
1.388000000000000000e+03 2.831173025558360550e-09
1.389000000000000000e+03 2.828597344793526615e-09
1.390000000000000000e+03 2.826025073358867556e-09
1.391000000000000000e+03 2.823456202369332427e-09
1.392000000000000000e+03 2.820890722641729569e-09
1.393000000000000000e+03 2.818328624694105407e-09
1.394000000000000000e+03 2.815769898745424322e-09
1.395000000000000000e+03 2.813214534714946205e-09
1.396000000000000000e+03 2.810662522220646951e-09
1.397000000000000000e+03 2.808113850579226732e-09
1.398000000000000000e+03 2.805568508804537942e-09
1.399000000000000000e+03 2.803026485608209303e-09
1.400000000000000000e+03 2.800487769397135370e-09
1.401000000000000000e+03 2.797952348274732610e-09
1.402000000000000000e+03 2.795420211899820614e-09
1.403000000000000000e+03 2.792891357094364853e-09
1.404000000000000000e+03 2.790365782294479875e-09
1.405000000000000000e+03 2.787843485691236659e-09
1.406000000000000000e+03 2.785324465232862086e-09
1.407000000000000000e+03 2.782808718621279668e-09
1.408000000000000000e+03 2.780296243313999248e-09
1.409000000000000000e+03 2.777787036521286792e-09
1.410000000000000000e+03 2.775281095207105731e-09
1.411000000000000000e+03 2.772778416087551515e-09
1.412000000000000000e+03 2.770278995630843754e-09
1.413000000000000000e+03 2.767782830056391511e-09
1.414000000000000000e+03 2.765289915334158432e-09
1.415000000000000000e+03 2.762800247183410403e-09
1.416000000000000000e+03 2.760313821073656873e-09
1.417000000000000000e+03 2.757830632222137473e-09
1.418000000000000000e+03 2.755350675594763344e-09
1.419000000000000000e+03 2.752873945904864373e-09
1.420000000000000000e+03 2.750400437611296189e-09
1.421000000000000000e+03 2.747930144920651217e-09
1.422000000000000000e+03 2.745463061783791139e-09
1.423000000000000000e+03 2.742999181896795668e-09
1.424000000000000000e+03 2.740538498700020389e-09
1.425000000000000000e+03 2.738081005376522636e-09
1.426000000000000000e+03 2.735626694853634789e-09
1.427000000000000000e+03 2.733175559799508312e-09
1.428000000000000000e+03 2.730727592624684984e-09
1.429000000000000000e+03 2.728282785480835035e-09
1.430000000000000000e+03 2.725841130258881927e-09
1.431000000000000000e+03 2.723402618590563658e-09
1.432000000000000000e+03 2.720967241846241146e-09
1.433000000000000000e+03 2.718534991134577697e-09
1.434000000000000000e+03 2.716105857301915725e-09
1.435000000000000000e+03 2.713679830931957873e-09
1.436000000000000000e+03 2.711256902344516316e-09
1.437000000000000000e+03 2.708837061595507799e-09
1.438000000000000000e+03 2.706420298476325805e-09
1.439000000000000000e+03 2.704006602511958307e-09
1.440000000000000000e+03 2.701595962962557344e-09
1.441000000000000000e+03 2.699188370466490616e-09
1.442000000000000000e+03 2.696783821997147275e-09
1.443000000000000000e+03 2.694382315956399489e-09
1.444000000000000000e+03 2.691983850532491760e-09
1.445000000000000000e+03 2.689588423698467215e-09
1.446000000000000000e+03 2.687196033213741727e-09
1.447000000000000000e+03 2.684806676621904862e-09
1.448000000000000000e+03 2.682420351250719043e-09
1.449000000000000000e+03 2.680037054211801094e-09
1.450000000000000000e+03 2.677656782399060105e-09
1.451000000000000000e+03 2.675279532489633798e-09
1.452000000000000000e+03 2.672905300942317720e-09
1.453000000000000000e+03 2.670534083997255451e-09
1.454000000000000000e+03 2.668165877675932413e-09
1.455000000000000000e+03 2.665800677779296919e-09
1.456000000000000000e+03 2.663438479888698204e-09
1.457000000000000000e+03 2.661079279364318911e-09
1.458000000000000000e+03 2.658723071345486114e-09
1.459000000000000000e+03 2.656369850749417728e-09
1.460000000000000000e+03 2.654019612270904867e-09
1.461000000000000000e+03 2.651672350381374237e-09
1.462000000000000000e+03 2.649328059329826573e-09
1.463000000000000000e+03 2.646986733140008509e-09
1.464000000000000000e+03 2.644648365611674026e-09
1.465000000000000000e+03 2.642312950319323416e-09
1.466000000000000000e+03 2.639980480612204938e-09
1.467000000000000000e+03 2.637650949612744001e-09
1.468000000000000000e+03 2.635324350216543162e-09
1.469000000000000000e+03 2.633000675092381717e-09
1.470000000000000000e+03 2.630679916680959209e-09
1.471000000000000000e+03 2.628362067194267188e-09
1.472000000000000000e+03 2.626047118615904362e-09
1.473000000000000000e+03 2.623735062699818047e-09
1.474000000000000000e+03 2.621425890969362420e-09
1.475000000000000000e+03 2.619119594717614915e-09
1.476000000000000000e+03 2.616816165007371259e-09
1.477000000000000000e+03 2.614515592668323133e-09
1.478000000000000000e+03 2.612217868298626094e-09
1.479000000000000000e+03 2.609922982263957414e-09
1.480000000000000000e+03 2.607630926175323877e-09
1.481000000000000000e+03 2.605341697340378320e-09
1.482000000000000000e+03 2.603055294356087594e-09
1.483000000000000000e+03 2.600771715631862377e-09
1.484000000000000000e+03 2.598490959390502641e-09
1.485000000000000000e+03 2.596213023666630146e-09
1.486000000000000000e+03 2.593937906306367079e-09
1.487000000000000000e+03 2.591665604967029171e-09
1.488000000000000000e+03 2.589396117117748150e-09
1.489000000000000000e+03 2.587129440036649815e-09
1.490000000000000000e+03 2.584865570812418233e-09
1.491000000000000000e+03 2.582604506343360199e-09
1.492000000000000000e+03 2.580346243336144613e-09
1.493000000000000000e+03 2.578090778306743809e-09
1.494000000000000000e+03 2.575838107577924721e-09
1.495000000000000000e+03 2.573588227281129887e-09
1.496000000000000000e+03 2.571341133354278805e-09
1.497000000000000000e+03 2.569096821542714641e-09
1.498000000000000000e+03 2.566855287396370722e-09
1.499000000000000000e+03 2.564616526272600322e-09
1.500000000000000000e+03 2.562380533333037093e-09
1.501000000000000000e+03 2.560147303544222076e-09
1.502000000000000000e+03 2.557916831677287710e-09
1.503000000000000000e+03 2.555689112306703833e-09
1.504000000000000000e+03 2.553464139810590349e-09
1.505000000000000000e+03 2.551241908370403322e-09
1.506000000000000000e+03 2.549022411969364564e-09
1.507000000000000000e+03 2.546805644392775144e-09
1.508000000000000000e+03 2.544591599228017038e-09
1.509000000000000000e+03 2.542380269862979833e-09
1.510000000000000000e+03 2.540171649486689800e-09
1.511000000000000000e+03 2.537965731087112895e-09
1.512000000000000000e+03 2.535762507453351348e-09
1.513000000000000000e+03 2.533561971173131920e-09
1.514000000000000000e+03 2.531364114632490336e-09
1.515000000000000000e+03 2.529168930016086031e-09
1.516000000000000000e+03 2.526976409306575142e-09
1.517000000000000000e+03 2.524786544283979785e-09
1.518000000000000000e+03 2.522599326524435705e-09
1.519000000000000000e+03 2.520414748701117006e-09
1.520000000000000000e+03 2.518232808494588573e-09
1.521000000000000000e+03 2.516053504718269327e-09
1.522000000000000000e+03 2.513876836021903553e-09
1.523000000000000000e+03 2.511702800891243667e-09
1.524000000000000000e+03 2.509531397646479406e-09
1.525000000000000000e+03 2.507362624444124623e-09
1.526000000000000000e+03 2.505196479274188333e-09
1.527000000000000000e+03 2.503032959961745939e-09
1.528000000000000000e+03 2.500872064164739762e-09
1.529000000000000000e+03 2.498713789375551095e-09
1.530000000000000000e+03 2.496558132918485576e-09
1.531000000000000000e+03 2.494405091951657504e-09
1.532000000000000000e+03 2.492254663464165019e-09
1.533000000000000000e+03 2.490106844277973590e-09
1.534000000000000000e+03 2.487961631046029215e-09
1.535000000000000000e+03 2.485819020252263391e-09
1.536000000000000000e+03 2.483679008211271333e-09
1.537000000000000000e+03 2.481541591067692004e-09
1.538000000000000000e+03 2.479406764796517069e-09
1.539000000000000000e+03 2.477274525202148324e-09
1.540000000000000000e+03 2.475144867917144925e-09
1.541000000000000000e+03 2.473017788403789660e-09
1.542000000000000000e+03 2.470893281951892783e-09
1.543000000000000000e+03 2.468771343679733344e-09
1.544000000000000000e+03 2.466651968532490029e-09
1.545000000000000000e+03 2.464535151282864440e-09
1.546000000000000000e+03 2.462420886529518552e-09
1.547000000000000000e+03 2.460309168698323339e-09
1.548000000000000000e+03 2.458199992040793338e-09
1.549000000000000000e+03 2.456093350632826025e-09
1.550000000000000000e+03 2.453989238377220166e-09
1.551000000000000000e+03 2.451887648999899321e-09
1.552000000000000000e+03 2.449788576051803199e-09
1.553000000000000000e+03 2.447692012907940118e-09
1.554000000000000000e+03 2.445597952766135065e-09
1.555000000000000000e+03 2.443506388647653810e-09
1.556000000000000000e+03 2.441417313397204144e-09
1.557000000000000000e+03 2.439330719680109812e-09
1.558000000000000000e+03 2.437246601110141923e-09
1.559000000000000000e+03 2.435164955632384896e-09
1.560000000000000000e+03 2.433085782169584877e-09
1.561000000000000000e+03 2.431009079500293058e-09
1.562000000000000000e+03 2.428934846258229166e-09
1.563000000000000000e+03 2.426863080931659006e-09
1.564000000000000000e+03 2.424793781863078895e-09
1.565000000000000000e+03 2.422726947249528332e-09
1.566000000000000000e+03 2.420662575141649083e-09
1.567000000000000000e+03 2.418600663443370441e-09
1.568000000000000000e+03 2.416541209911281803e-09
1.569000000000000000e+03 2.414484212155887508e-09
1.570000000000000000e+03 2.412429667638779534e-09
1.571000000000000000e+03 2.410377573674525948e-09
1.572000000000000000e+03 2.408327927428467299e-09
1.573000000000000000e+03 2.406280725918289502e-09
1.574000000000000000e+03 2.404235966012453434e-09
1.575000000000000000e+03 2.402193644429249883e-09
1.576000000000000000e+03 2.400153757738376152e-09
1.577000000000000000e+03 2.398116302358728725e-09
1.578000000000000000e+03 2.396081274559668449e-09
1.579000000000000000e+03 2.394048670459440606e-09
1.580000000000000000e+03 2.392018486024870937e-09
1.581000000000000000e+03 2.389990717071985190e-09
1.582000000000000000e+03 2.387965359264758016e-09
1.583000000000000000e+03 2.385942408115424398e-09
1.584000000000000000e+03 2.383921858983535842e-09
1.585000000000000000e+03 2.381903707076280493e-09
1.586000000000000000e+03 2.379887947446906529e-09
1.587000000000000000e+03 2.377874574996608135e-09
1.588000000000000000e+03 2.375863584471701093e-09
1.589000000000000000e+03 2.373854970464875131e-09
1.590000000000000000e+03 2.371848727414253839e-09
1.591000000000000000e+03 2.369844849603082814e-09
1.592000000000000000e+03 2.367843331159725531e-09
1.593000000000000000e+03 2.365844166056720766e-09
1.594000000000000000e+03 2.363847348111729306e-09
1.595000000000000000e+03 2.361852870984702511e-09
1.596000000000000000e+03 2.359860728180712508e-09
1.597000000000000000e+03 2.357870914024471874e-09
1.598000000000000000e+03 2.355883426601806917e-09
1.599000000000000000e+03 2.353898264845834558e-09
1.600000000000000000e+03 2.351915427560864396e-09
1.601000000000000000e+03 2.349934913423028186e-09
1.602000000000000000e+03 2.347956720979025429e-09
1.603000000000000000e+03 2.345980848646123362e-09
1.604000000000000000e+03 2.344007294712151591e-09
1.605000000000000000e+03 2.342036057335509939e-09
1.606000000000000000e+03 2.340067134543906592e-09
1.607000000000000000e+03 2.338100524234672834e-09
1.608000000000000000e+03 2.336136224174136875e-09
1.609000000000000000e+03 2.334174231997936110e-09
1.610000000000000000e+03 2.332214545210074547e-09
1.611000000000000000e+03 2.330257161183553119e-09
1.612000000000000000e+03 2.328302077158168144e-09
1.613000000000000000e+03 2.326349290242712449e-09
1.614000000000000000e+03 2.324398797412773832e-09
1.615000000000000000e+03 2.322450595511367027e-09
1.616000000000000000e+03 2.320504681247671842e-09
1.617000000000000000e+03 2.318561051198925328e-09
1.618000000000000000e+03 2.316619701806958384e-09
1.619000000000000000e+03 2.314680629380713686e-09
1.620000000000000000e+03 2.312743830094360131e-09
1.621000000000000000e+03 2.310809299987606342e-09
1.622000000000000000e+03 2.308877034965385923e-09
1.623000000000000000e+03 2.306947030796915712e-09
1.624000000000000000e+03 2.305019283116638359e-09
1.625000000000000000e+03 2.303093787422338414e-09
1.626000000000000000e+03 2.301170539076710257e-09
1.627000000000000000e+03 2.299249533305161925e-09
1.628000000000000000e+03 2.297330765197069952e-09
1.629000000000000000e+03 2.295414229704522049e-09
1.630000000000000000e+03 2.293499921642320831e-09
1.631000000000000000e+03 2.291587835688293592e-09
1.632000000000000000e+03 2.289677966381096143e-09
1.633000000000000000e+03 2.287770308122723718e-09
1.634000000000000000e+03 2.285864855176000895e-09
1.635000000000000000e+03 2.283961601664891786e-09
1.636000000000000000e+03 2.282060542437813144e-09
1.637000000000000000e+03 2.280161675665415755e-09
1.638000000000000000e+03 2.278265000264792809e-09
1.639000000000000000e+03 2.276370515039310918e-09
1.640000000000000000e+03 2.274478218676727037e-09
1.641000000000000000e+03 2.272588109750444122e-09
1.642000000000000000e+03 2.270700186717940729e-09
1.643000000000000000e+03 2.268814447921397606e-09
1.644000000000000000e+03 2.266930891587071925e-09
1.645000000000000000e+03 2.265049515825609549e-09
1.646000000000000000e+03 2.263170318630475453e-09
1.647000000000000000e+03 2.261293297879523712e-09
1.648000000000000000e+03 2.259418451332799272e-09
1.649000000000000000e+03 2.257545776634107111e-09
1.650000000000000000e+03 2.255675271309443073e-09
1.651000000000000000e+03 2.253806932766993047e-09
1.652000000000000000e+03 2.251940758297448117e-09
1.653000000000000000e+03 2.250076745073374256e-09
1.654000000000000000e+03 2.248214890148586559e-09
1.655000000000000000e+03 2.246355190458774595e-09
1.656000000000000000e+03 2.244497642820248813e-09
1.657000000000000000e+03 2.242642243930567959e-09
1.658000000000000000e+03 2.240788990367594020e-09
1.659000000000000000e+03 2.238937878589495539e-09
1.660000000000000000e+03 2.237088904935060695e-09
1.661000000000000000e+03 2.235242065621811336e-09
1.662000000000000000e+03 2.233397356748205347e-09
1.663000000000000000e+03 2.231554774290802313e-09
1.664000000000000000e+03 2.229714314105843438e-09
1.665000000000000000e+03 2.227875971928616681e-09
1.666000000000000000e+03 2.226039743372201094e-09
1.667000000000000000e+03 2.224205623928097968e-09
1.668000000000000000e+03 2.222373608966855759e-09
1.669000000000000000e+03 2.220543693735244860e-09
1.670000000000000000e+03 2.218715873358770571e-09
1.671000000000000000e+03 2.216890142839472387e-09
1.672000000000000000e+03 2.215066497057183380e-09
1.673000000000000000e+03 2.213244930767328657e-09
1.674000000000000000e+03 2.211425438602496178e-09
1.675000000000000000e+03 2.209608015839302667e-09
1.676000000000000000e+03 2.207792660706203115e-09
1.677000000000000000e+03 2.205979372095472815e-09
1.678000000000000000e+03 2.204168148796655364e-09
1.679000000000000000e+03 2.202358989496565556e-09
1.680000000000000000e+03 2.200551892779286904e-09
1.681000000000000000e+03 2.198746857125545876e-09
1.682000000000000000e+03 2.196943880912395912e-09
1.683000000000000000e+03 2.195142962413530513e-09
1.684000000000000000e+03 2.193344099799601704e-09
1.685000000000000000e+03 2.191547291135387354e-09
1.686000000000000000e+03 2.189752534383251688e-09
1.687000000000000000e+03 2.187959827399999104e-09
1.688000000000000000e+03 2.186169167937506551e-09
1.689000000000000000e+03 2.184380553643663212e-09
1.690000000000000000e+03 2.182593982060486593e-09
1.691000000000000000e+03 2.180809450624438096e-09
1.692000000000000000e+03 2.179026956666734040e-09
1.693000000000000000e+03 2.177246497412720724e-09
1.694000000000000000e+03 2.175468069981242046e-09
1.695000000000000000e+03 2.173691671385901373e-09
1.696000000000000000e+03 2.171917298532229266e-09
1.697000000000000000e+03 2.170144948220513273e-09
1.698000000000000000e+03 2.168374617142971449e-09
1.699000000000000000e+03 2.166606301885006773e-09
1.700000000000000000e+03 2.164839998924891998e-09
1.701000000000000000e+03 2.163075704632519363e-09
1.702000000000000000e+03 2.161313415270962311e-09
1.703000000000000000e+03 2.159553126994284290e-09
1.704000000000000000e+03 2.157794835848791100e-09
1.705000000000000000e+03 2.156038537771774409e-09
1.706000000000000000e+03 2.154284228592142065e-09
1.707000000000000000e+03 2.152531904029787780e-09
1.708000000000000000e+03 2.150781559695278875e-09
1.709000000000000000e+03 2.149033191089854210e-09
1.710000000000000000e+03 2.147286793605111920e-09
1.711000000000000000e+03 2.145542362522379521e-09
1.712000000000000000e+03 2.143799893013342981e-09
1.713000000000000000e+03 2.142059380139105798e-09
1.714000000000000000e+03 2.140320819538193171e-09
1.715000000000000000e+03 2.138584209494668549e-09
1.716000000000000000e+03 2.136849548887611214e-09
1.717000000000000000e+03 2.135116836503423955e-09
1.718000000000000000e+03 2.133386071037088736e-09
1.719000000000000000e+03 2.131657251090282375e-09
1.720000000000000000e+03 2.129930375173263341e-09
1.721000000000000000e+03 2.128205441702981650e-09
1.722000000000000000e+03 2.126482449004026398e-09
1.723000000000000000e+03 2.124761395306737722e-09
1.724000000000000000e+03 2.123042278749094841e-09
1.725000000000000000e+03 2.121325097376083674e-09
1.726000000000000000e+03 2.119609849137502330e-09
1.727000000000000000e+03 2.117896531890468709e-09
1.728000000000000000e+03 2.116185143397541145e-09
1.729000000000000000e+03 2.114475681327029841e-09
1.730000000000000000e+03 2.112768143253309953e-09
1.731000000000000000e+03 2.111062526655255744e-09
1.732000000000000000e+03 2.109358828917174879e-09
1.733000000000000000e+03 2.107657047328816698e-09
1.734000000000000000e+03 2.105957179083795610e-09
1.735000000000000000e+03 2.104259221281480375e-09
1.736000000000000000e+03 2.102563170924161835e-09
1.737000000000000000e+03 2.100869024919257354e-09
1.738000000000000000e+03 2.099176780078363276e-09
1.739000000000000000e+03 2.097486433115688668e-09
1.740000000000000000e+03 2.095797980650566217e-09
1.741000000000000000e+03 2.094111419203994622e-09
1.742000000000000000e+03 2.092426745201785186e-09
1.743000000000000000e+03 2.090743954971730791e-09
1.744000000000000000e+03 2.089063044744861144e-09
1.745000000000000000e+03 2.087384010654504756e-09
1.746000000000000000e+03 2.085706848736286458e-09
1.747000000000000000e+03 2.084031554928753991e-09
1.748000000000000000e+03 2.082358125071811329e-09
1.749000000000000000e+03 2.080686554907657523e-09
1.750000000000000000e+03 2.079016840079531874e-09
1.751000000000000000e+03 2.077348976132342172e-09
1.752000000000000000e+03 2.075682958512664288e-09
1.753000000000000000e+03 2.074018783182293873e-09
1.754000000000000000e+03 2.072356448469590727e-09
1.755000000000000000e+03 2.070695953233527024e-09
1.756000000000000000e+03 2.069037296251082312e-09
1.757000000000000000e+03 2.067380476215352999e-09
1.758000000000000000e+03 2.065725491737127293e-09
1.759000000000000000e+03 2.064072341344254490e-09
1.760000000000000000e+03 2.062421023480075388e-09
1.761000000000000000e+03 2.060771536505621766e-09
1.762000000000000000e+03 2.059123878697415668e-09
1.763000000000000000e+03 2.057478048248726720e-09
1.764000000000000000e+03 2.055834043268002136e-09
1.765000000000000000e+03 2.054191861780437540e-09
1.766000000000000000e+03 2.052551501726088923e-09
1.767000000000000000e+03 2.050912960960192347e-09
1.768000000000000000e+03 2.049276237254415887e-09
1.769000000000000000e+03 2.047641328294348307e-09
1.770000000000000000e+03 2.046008231681383380e-09
1.771000000000000000e+03 2.044376944930835153e-09
1.772000000000000000e+03 2.042747465473510423e-09
1.773000000000000000e+03 2.041119790653505538e-09
1.774000000000000000e+03 2.039493917730095263e-09
1.775000000000000000e+03 2.037869843876474641e-09
1.776000000000000000e+03 2.036247566179131160e-09
1.777000000000000000e+03 2.034627081639099591e-09
1.778000000000000000e+03 2.033008387170079319e-09
1.779000000000000000e+03 2.031391479600005988e-09
1.780000000000000000e+03 2.029776355669789226e-09
1.781000000000000000e+03 2.028163012032691016e-09
1.782000000000000000e+03 2.026551445255579290e-09
1.783000000000000000e+03 2.024941651817985355e-09
1.784000000000000000e+03 2.023333628111475235e-09
1.785000000000000000e+03 2.021727370440279988e-09
1.786000000000000000e+03 2.020122875021293630e-09
1.787000000000000000e+03 2.018520137982189239e-09
1.788000000000000000e+03 2.016919155363616768e-09
1.789000000000000000e+03 2.015319923117320384e-09
1.790000000000000000e+03 2.013722437106765060e-09
1.791000000000000000e+03 2.012126693106509152e-09
1.792000000000000000e+03 2.010532687357008093e-09
1.793000000000000000e+03 2.008940418232173275e-09
1.794000000000000000e+03 2.007349884585952992e-09
1.795000000000000000e+03 2.005761085196580386e-09
1.796000000000000000e+03 2.004174018768149228e-09
1.797000000000000000e+03 2.002588683929668451e-09
1.798000000000000000e+03 2.001005079236320289e-09
1.799000000000000000e+03 1.999423203166629256e-09
1.800000000000000000e+03 1.997843054124982562e-09
1.801000000000000000e+03 1.996264630439737939e-09
1.802000000000000000e+03 1.994687930364484261e-09
1.803000000000000000e+03 1.993112952076155163e-09
1.804000000000000000e+03 1.991539693676286354e-09
1.805000000000000000e+03 1.989968153191014788e-09
1.806000000000000000e+03 1.988398328568880434e-09
1.807000000000000000e+03 1.986830217683968319e-09
1.808000000000000000e+03 1.985263818332450916e-09
1.809000000000000000e+03 1.983699128234159371e-09
1.810000000000000000e+03 1.982136145032900316e-09
1.811000000000000000e+03 1.980574866295195243e-09
1.812000000000000000e+03 1.979015289509969897e-09
1.813000000000000000e+03 1.977457412089807872e-09
1.814000000000000000e+03 1.975901231369382274e-09
1.815000000000000000e+03 1.974346744605768809e-09
1.816000000000000000e+03 1.972793948979387943e-09
1.817000000000000000e+03 1.971242841591178010e-09
1.818000000000000000e+03 1.969693419466050761e-09
1.819000000000000000e+03 1.968145679549120661e-09
1.820000000000000000e+03 1.966599618708221170e-09
1.821000000000000000e+03 1.965055233732329381e-09
1.822000000000000000e+03 1.963512521332198812e-09
1.823000000000000000e+03 1.961971478140040940e-09
1.824000000000000000e+03 1.960432100708272851e-09
1.825000000000000000e+03 1.958894385511399075e-09
1.826000000000000000e+03 1.957358328944127684e-09
1.827000000000000000e+03 1.955823927321998947e-09
1.828000000000000000e+03 1.954291176881384917e-09
1.829000000000000000e+03 1.952760073778232945e-09
1.830000000000000000e+03 1.951230614089636080e-09
1.831000000000000000e+03 1.949702794324970307e-09
1.832000000000000000e+03 1.948176612966847651e-09
1.833000000000000000e+03 1.946652068943040620e-09
1.834000000000000000e+03 1.945129161114095512e-09
1.835000000000000000e+03 1.943607888273953629e-09
1.836000000000000000e+03 1.942088249148385838e-09
1.837000000000000000e+03 1.940570242397187907e-09
1.838000000000000000e+03 1.939053866611984339e-09
1.839000000000000000e+03 1.937539120316540638e-09
1.840000000000000000e+03 1.936026001967392373e-09
1.841000000000000000e+03 1.934514509952902613e-09
1.842000000000000000e+03 1.933004642594203666e-09
1.843000000000000000e+03 1.931496398143628334e-09
1.844000000000000000e+03 1.929989774785021758e-09
1.845000000000000000e+03 1.928484770634683994e-09
1.846000000000000000e+03 1.926981383740116830e-09
1.847000000000000000e+03 1.925479612080018414e-09
1.848000000000000000e+03 1.923979453563972643e-09
1.849000000000000000e+03 1.922480906033706480e-09
1.850000000000000000e+03 1.920983967260888412e-09
1.851000000000000000e+03 1.919488634948384111e-09
1.852000000000000000e+03 1.917994906730262226e-09
1.853000000000000000e+03 1.916502780170530445e-09
1.854000000000000000e+03 1.915012252763769536e-09
1.855000000000000000e+03 1.913523321935128792e-09
1.856000000000000000e+03 1.912035985039389253e-09
1.857000000000000000e+03 1.910550239361898419e-09
1.858000000000000000e+03 1.909066082117950274e-09
1.859000000000000000e+03 1.907583510452150846e-09
1.860000000000000000e+03 1.906102521439048511e-09
1.861000000000000000e+03 1.904623112082820913e-09
1.862000000000000000e+03 1.903145279316959801e-09
1.863000000000000000e+03 1.901669020003641547e-09
1.864000000000000000e+03 1.900194330935301272e-09
1.865000000000000000e+03 1.898721208832114909e-09
1.866000000000000000e+03 1.897249650344203223e-09
1.867000000000000000e+03 1.895779652049428615e-09
1.868000000000000000e+03 1.894311210455283166e-09
1.869000000000000000e+03 1.892844321996373176e-09
1.870000000000000000e+03 1.891378983474243093e-09
1.871000000000000000e+03 1.889915193370246801e-09
1.872000000000000000e+03 1.888452950540530826e-09
1.873000000000000000e+03 1.886992253782178515e-09
1.874000000000000000e+03 1.885533101829443470e-09
1.875000000000000000e+03 1.884075493356572720e-09
1.876000000000000000e+03 1.882619426976553534e-09
1.877000000000000000e+03 1.881164901240797033e-09
1.878000000000000000e+03 1.879711914639768495e-09
1.879000000000000000e+03 1.878260465601414474e-09
1.880000000000000000e+03 1.876810552493050013e-09
1.881000000000000000e+03 1.875362173619784933e-09
1.882000000000000000e+03 1.873915327224841055e-09
1.883000000000000000e+03 1.872470011489550545e-09
1.884000000000000000e+03 1.871026224533041176e-09
1.885000000000000000e+03 1.869583964411924890e-09
1.886000000000000000e+03 1.868143229121236651e-09
1.887000000000000000e+03 1.866704016592237452e-09
1.888000000000000000e+03 1.865266324695242031e-09
1.889000000000000000e+03 1.863830151236161673e-09
1.890000000000000000e+03 1.862395493959647283e-09
1.891000000000000000e+03 1.860962350546261264e-09
1.892000000000000000e+03 1.859530718614047293e-09
1.893000000000000000e+03 1.858100595717276731e-09
1.894000000000000000e+03 1.856671979348014887e-09
1.895000000000000000e+03 1.855244866933926513e-09
1.896000000000000000e+03 1.853819255839529183e-09
1.897000000000000000e+03 1.852395143365566090e-09
1.898000000000000000e+03 1.850972526749007487e-09
1.899000000000000000e+03 1.849551403163047383e-09
1.900000000000000000e+03 1.848131769716792727e-09
1.901000000000000000e+03 1.846713623455575879e-09
1.902000000000000000e+03 1.845296961359697291e-09
1.903000000000000000e+03 1.843881780345998188e-09
1.904000000000000000e+03 1.842468077266288509e-09
1.905000000000000000e+03 1.841055848907662061e-09
1.906000000000000000e+03 1.839645091993122496e-09
1.907000000000000000e+03 1.838235803180330327e-09
1.908000000000000000e+03 1.836827979062227668e-09
1.909000000000000000e+03 1.835421616702054302e-09
1.910000000000000000e+03 1.834016715244354104e-09
1.911000000000000000e+03 1.832613274316848233e-09
1.912000000000000000e+03 1.831211293494479800e-09
1.913000000000000000e+03 1.829810772300983023e-09
1.914000000000000000e+03 1.828411710206999119e-09
1.915000000000000000e+03 1.827014106631962484e-09
1.916000000000000000e+03 1.825617960942528012e-09
1.917000000000000000e+03 1.824223272452570686e-09
1.918000000000000000e+03 1.822830040424131869e-09
1.919000000000000000e+03 1.821438264066471975e-09
1.920000000000000000e+03 1.820047942535131004e-09
1.921000000000000000e+03 1.818659074934441096e-09
1.922000000000000000e+03 1.817271660315012735e-09
1.923000000000000000e+03 1.815885697673735366e-09
1.924000000000000000e+03 1.814501185955976041e-09
1.925000000000000000e+03 1.813118124052124909e-09
1.926000000000000000e+03 1.811736510800734982e-09
1.927000000000000000e+03 1.810356344986009579e-09
1.928000000000000000e+03 1.808977625339059638e-09
1.929000000000000000e+03 1.807600350536960522e-09
1.930000000000000000e+03 1.806224519204008509e-09
1.931000000000000000e+03 1.804850129909208643e-09
1.932000000000000000e+03 1.803477181168786262e-09
1.933000000000000000e+03 1.802105671444618041e-09
1.934000000000000000e+03 1.800735599144544050e-09
1.935000000000000000e+03 1.799366962622056522e-09
1.936000000000000000e+03 1.797999760176297171e-09
1.937000000000000000e+03 1.796633990052056977e-09
1.938000000000000000e+03 1.795269650439779917e-09
1.939000000000000000e+03 1.793906739474615838e-09
1.940000000000000000e+03 1.792545255237994168e-09
1.941000000000000000e+03 1.791185195755738774e-09
1.942000000000000000e+03 1.789826558999008052e-09
1.943000000000000000e+03 1.788469342883984525e-09
1.944000000000000000e+03 1.787113545271871331e-09
1.945000000000000000e+03 1.785759163968580374e-09
1.946000000000000000e+03 1.784406196724416961e-09
1.947000000000000000e+03 1.783054641234080838e-09
1.948000000000000000e+03 1.781704495050584809e-09
1.949000000000000000e+03 1.780355755319164593e-09
1.950000000000000000e+03 1.779008419040855164e-09
1.951000000000000000e+03 1.777662483158572549e-09
1.952000000000000000e+03 1.776317944557428149e-09
1.953000000000000000e+03 1.774974800063471019e-09
1.954000000000000000e+03 1.773633046445572178e-09
1.955000000000000000e+03 1.772292680413228037e-09
1.956000000000000000e+03 1.770953698618443883e-09
1.957000000000000000e+03 1.769616097653533379e-09
1.958000000000000000e+03 1.768279874052691649e-09
1.959000000000000000e+03 1.766945024291680123e-09
1.960000000000000000e+03 1.765611544786570261e-09
1.961000000000000000e+03 1.764279431895313122e-09
1.962000000000000000e+03 1.762948681915856292e-09
1.963000000000000000e+03 1.761619291087398919e-09
1.964000000000000000e+03 1.760291255589764510e-09
1.965000000000000000e+03 1.758964571543400511e-09
1.966000000000000000e+03 1.757639235009377898e-09
1.967000000000000000e+03 1.756315241988763342e-09
1.968000000000000000e+03 1.754992588423246839e-09
1.969000000000000000e+03 1.753671270194830271e-09
1.970000000000000000e+03 1.752351283124565542e-09
1.971000000000000000e+03 1.751032622975073141e-09
1.972000000000000000e+03 1.749715285447397818e-09
1.973000000000000000e+03 1.748399266183207641e-09
1.974000000000000000e+03 1.747084560763538965e-09
1.975000000000000000e+03 1.745771164709108268e-09
1.976000000000000000e+03 1.744459073480000934e-09
1.977000000000000000e+03 1.743148282475667525e-09
1.978000000000000000e+03 1.741838787034614002e-09
1.979000000000000000e+03 1.740530582435026044e-09
1.980000000000000000e+03 1.739223663893200088e-09
1.981000000000000000e+03 1.737918026565743632e-09
1.982000000000000000e+03 1.736613665547059158e-09
1.983000000000000000e+03 1.735310575870289187e-09
1.984000000000000000e+03 1.734008752507942244e-09
1.985000000000000000e+03 1.732708190370010614e-09
1.986000000000000000e+03 1.731408884306166917e-09
1.987000000000000000e+03 1.730110836469973187e-09
1.988000000000000000e+03 1.728814078479359683e-09
1.989000000000000000e+03 1.727518649419823615e-09
1.990000000000000000e+03 1.726224588493415662e-09
1.991000000000000000e+03 1.724931935018737083e-09
1.992000000000000000e+03 1.723640728430630343e-09
1.993000000000000000e+03 1.722351008280804466e-09
1.994000000000000000e+03 1.721062814237207414e-09
1.995000000000000000e+03 1.719776186085282775e-09
1.996000000000000000e+03 1.718491163727341317e-09
1.997000000000000000e+03 1.717207787182875110e-09
1.998000000000000000e+03 1.715926096588243401e-09
1.999000000000000000e+03 1.714646132197929725e-09
2.000000000000000000e+03 1.713367934383285208e-09
