2.000000000000000000e+00 1.849751685573890327e-08
3.000000000000000000e+00 1.796735960053772050e-08
4.000000000000000000e+00 1.720134317186288553e-08
5.000000000000000000e+00 1.633767758212601357e-08
6.000000000000000000e+00 1.541958234636238407e-08
7.000000000000000000e+00 1.450039744315877721e-08
8.000000000000000000e+00 1.361117194310953055e-08
9.000000000000000000e+00 1.276829504252691236e-08
1.000000000000000000e+01 1.197963381672775040e-08
1.100000000000000000e+01 1.124793864556042769e-08
1.200000000000000000e+01 1.057288185024728664e-08
1.300000000000000000e+01 9.952323257776530100e-09
1.400000000000000000e+01 9.383108973997974871e-09
1.500000000000000000e+01 8.861577494075457361e-09
1.600000000000000000e+01 8.383880694651378215e-09
1.700000000000000000e+01 7.946185337567416669e-09
1.800000000000000000e+01 7.538082697461054434e-09
1.900000000000000000e+01 7.176231471413600253e-09
2.000000000000000000e+01 6.836591303913817337e-09
2.100000000000000000e+01 6.524901715341169369e-09
2.200000000000000000e+01 6.234554974382325291e-09
2.300000000000000000e+01 5.969523940102071248e-09
2.400000000000000000e+01 5.721062734840481501e-09
2.500000000000000000e+01 5.491555854853588462e-09
2.600000000000000000e+01 5.276488181780454160e-09
2.700000000000000000e+01 5.076150699286150894e-09
2.800000000000000000e+01 4.885421189308990684e-09
2.900000000000000000e+01 4.708451904486467992e-09
3.000000000000000000e+01 4.545426180603098243e-09
3.100000000000000000e+01 4.388602833965664242e-09
3.200000000000000000e+01 4.239878442046696839e-09
3.300000000000000000e+01 4.100386056812951649e-09
3.400000000000000000e+01 3.966836045153598325e-09
3.500000000000000000e+01 3.840442320186694686e-09
3.600000000000000000e+01 3.720957798146981076e-09
3.700000000000000000e+01 3.605293230725528575e-09
3.800000000000000000e+01 3.495004637029161410e-09
3.900000000000000000e+01 3.391612745564406179e-09
4.000000000000000000e+01 3.293967992685528186e-09
4.100000000000000000e+01 3.199103305003786817e-09
4.200000000000000000e+01 3.107749388719405833e-09
4.300000000000000000e+01 3.020875440299857076e-09
4.400000000000000000e+01 2.937888649230217511e-09
4.500000000000000000e+01 2.857218337341248604e-09
4.600000000000000000e+01 2.779672975626749265e-09
4.700000000000000000e+01 2.706263465116132589e-09
4.800000000000000000e+01 2.637118219247579165e-09
4.900000000000000000e+01 2.571238720540901664e-09
5.000000000000000000e+01 2.507015761238417617e-09
5.100000000000000000e+01 2.444805221533099612e-09
5.200000000000000000e+01 2.385246000916102710e-09
5.300000000000000000e+01 2.328476975182895501e-09
5.400000000000000000e+01 2.274011480666294464e-09
5.500000000000000000e+01 2.221047302476945882e-09
5.600000000000000000e+01 2.169924345022798864e-09
5.700000000000000000e+01 2.121131919333431772e-09
5.800000000000000000e+01 2.074858396345101962e-09
5.900000000000000000e+01 2.030921351272415819e-09
6.000000000000000000e+01 1.988691581476479852e-09
6.100000000000000000e+01 1.947365030626934305e-09
6.200000000000000000e+01 1.907125529881139059e-09
6.300000000000000000e+01 1.868348342775220851e-09
6.400000000000000000e+01 1.831259139806646363e-09
6.500000000000000000e+01 1.795900726653245354e-09
6.600000000000000000e+01 1.762097084509839742e-09
6.700000000000000000e+01 1.729414638868152139e-09
6.800000000000000000e+01 1.697339779261424395e-09
6.900000000000000000e+01 1.665996277616916032e-09
7.000000000000000000e+01 1.635639091685412581e-09
7.100000000000000000e+01 1.606444713878794214e-09
7.200000000000000000e+01 1.578494980153858541e-09
7.300000000000000000e+01 1.551759690485590888e-09
7.400000000000000000e+01 1.526078007379241384e-09
7.500000000000000000e+01 1.501138598919999095e-09
7.600000000000000000e+01 1.476594553847921754e-09
7.700000000000000000e+01 1.452507138831336132e-09
7.800000000000000000e+01 1.429023097242290317e-09
7.900000000000000000e+01 1.406244683303620047e-09
8.000000000000000000e+01 1.384221557252773875e-09
8.100000000000000000e+01 1.362942147838911771e-09
8.200000000000000000e+01 1.342324468647693320e-09
8.300000000000000000e+01 1.322206374748901890e-09
8.400000000000000000e+01 1.302410530807670665e-09
8.500000000000000000e+01 1.282988383097934034e-09
8.600000000000000000e+01 1.264037087193450600e-09
8.700000000000000000e+01 1.245626940835802301e-09
8.800000000000000000e+01 1.227796965551972726e-09
8.900000000000000000e+01 1.210550225045051556e-09
9.000000000000000000e+01 1.193848874279001276e-09
9.100000000000000000e+01 1.177608933206468679e-09
9.200000000000000000e+01 1.161694779072499482e-09
9.300000000000000000e+01 1.145967942568980876e-09
9.400000000000000000e+01 1.130463779201089451e-09
9.500000000000000000e+01 1.115256599509163313e-09
9.600000000000000000e+01 1.100407597913943127e-09
9.700000000000000000e+01 1.085962735366544951e-09
9.800000000000000000e+01 1.071950505312026259e-09
9.900000000000000000e+01 1.058379580504490435e-09
1.000000000000000000e+02 1.045236338213002466e-09
1.010000000000000000e+02 1.032482261359054099e-09
1.020000000000000000e+02 1.020051213123236526e-09
1.030000000000000000e+02 1.007846582561700659e-09
1.040000000000000000e+02 9.957734303532410108e-10
1.050000000000000000e+02 9.838516774581332318e-10
1.060000000000000000e+02 9.721276155929491782e-10
1.070000000000000000e+02 9.606404000131447550e-10
1.080000000000000000e+02 9.494210100428729433e-10
1.090000000000000000e+02 9.384911581235692461e-10
1.100000000000000000e+02 9.278621464061350564e-10
1.110000000000000000e+02 9.175336699083349941e-10
1.120000000000000000e+02 9.074925652635911183e-10
1.130000000000000000e+02 8.977115040850361672e-10
1.140000000000000000e+02 8.881476299684321699e-10
1.150000000000000000e+02 8.787411381593526538e-10
1.160000000000000000e+02 8.694347336888092984e-10
1.170000000000000000e+02 8.602407292414282952e-10
1.180000000000000000e+02 8.511873396023850062e-10
1.190000000000000000e+02 8.422986357894538314e-10
1.200000000000000000e+02 8.335940115651790465e-10
1.210000000000000000e+02 8.250876262834279604e-10
1.220000000000000000e+02 8.167878236704470194e-10
1.230000000000000000e+02 8.086965261361746932e-10
1.240000000000000000e+02 8.008086042126062976e-10
1.250000000000000000e+02 7.931112207176933533e-10
1.260000000000000000e+02 7.855831492404489107e-10
1.270000000000000000e+02 7.781940665434903729e-10
1.280000000000000000e+02 7.709038184843544336e-10
1.290000000000000000e+02 7.636750443095145466e-10
1.300000000000000000e+02 7.565158903044241606e-10
1.310000000000000000e+02 7.494451563715965206e-10
1.320000000000000000e+02 7.424794672484631233e-10
1.330000000000000000e+02 7.356330106400307303e-10
1.340000000000000000e+02 7.289172647842954069e-10
1.350000000000000000e+02 7.223407152868966250e-10
1.360000000000000000e+02 7.159085610596661944e-10
1.370000000000000000e+02 7.096224092028035049e-10
1.380000000000000000e+02 7.034799586665285652e-10
1.390000000000000000e+02 6.974746725291537244e-10
1.400000000000000000e+02 6.915954387278914723e-10
1.410000000000000000e+02 6.858262190799060285e-10
1.420000000000000000e+02 6.801456864321422381e-10
1.430000000000000000e+02 6.745268497734661203e-10
1.440000000000000000e+02 6.689451998670910708e-10
1.450000000000000000e+02 6.634058172868256485e-10
1.460000000000000000e+02 6.579208378557409099e-10
1.470000000000000000e+02 6.525012603946517986e-10
1.480000000000000000e+02 6.471568199348792408e-10
1.490000000000000000e+02 6.418958563022655608e-10
1.500000000000000000e+02 6.367251780074074829e-10
1.510000000000000000e+02 6.316499213759173838e-10
1.520000000000000000e+02 6.266734048570828748e-10
1.530000000000000000e+02 6.217969784440472657e-10
1.540000000000000000e+02 6.170198681436142259e-10
1.550000000000000000e+02 6.123390154272128680e-10
1.560000000000000000e+02 6.077489116045230754e-10
1.570000000000000000e+02 6.032414270490217271e-10
1.580000000000000000e+02 5.988056352150961354e-10
1.590000000000000000e+02 5.944276313832093245e-10
1.600000000000000000e+02 5.900903460627963539e-10
1.610000000000000000e+02 5.857785831979498345e-10
1.620000000000000000e+02 5.814955593084093643e-10
1.630000000000000000e+02 5.772489061673189653e-10
1.640000000000000000e+02 5.730456342959602096e-10
1.650000000000000000e+02 5.688920703275388159e-10
1.660000000000000000e+02 5.647937923104028210e-10
1.670000000000000000e+02 5.607555629333210114e-10
1.680000000000000000e+02 5.567812606451486030e-10
1.690000000000000000e+02 5.528738086423328364e-10
1.700000000000000000e+02 5.490351016967371582e-10
1.710000000000000000e+02 5.452659308057689237e-10
1.720000000000000000e+02 5.415659056269793088e-10
1.730000000000000000e+02 5.379333746836593155e-10
1.740000000000000000e+02 5.343653433080903908e-10
1.750000000000000000e+02 5.308573892985194288e-10
1.760000000000000000e+02 5.274035762661088680e-10
1.770000000000000000e+02 5.239963646428420120e-10
1.780000000000000000e+02 5.206265203290626813e-10
1.790000000000000000e+02 5.172830209521346270e-10
1.800000000000000000e+02 5.139562133877743674e-10
1.810000000000000000e+02 5.106480578492026405e-10
1.820000000000000000e+02 5.073633163851323152e-10
1.830000000000000000e+02 5.041064109818820634e-10
1.840000000000000000e+02 5.008813926186798216e-10
1.850000000000000000e+02 4.976919094097734358e-10
1.860000000000000000e+02 4.945411738253452063e-10
1.870000000000000000e+02 4.914319289803853747e-10
1.880000000000000000e+02 4.883664139811835543e-10
1.890000000000000000e+02 4.853463283197638132e-10
1.900000000000000000e+02 4.823727953056689841e-10
1.910000000000000000e+02 4.794463245245787709e-10
1.920000000000000000e+02 4.765667733143322067e-10
1.930000000000000000e+02 4.737333072472807890e-10
1.940000000000000000e+02 4.709443596096769540e-10
1.950000000000000000e+02 4.681975898666485729e-10
1.960000000000000000e+02 4.654898411038863549e-10
1.970000000000000000e+02 4.628170964348249001e-10
1.980000000000000000e+02 4.601744343633808434e-10
1.990000000000000000e+02 4.575559830925234431e-10
2.000000000000000000e+02 4.549548737675368888e-10
2.010000000000000000e+02 4.523651780143065081e-10
2.020000000000000000e+02 4.497881327835965559e-10
2.030000000000000000e+02 4.472267061195324208e-10
2.040000000000000000e+02 4.446836742397137337e-10
2.050000000000000000e+02 4.421616059183895961e-10
2.060000000000000000e+02 4.396628464573906685e-10
2.070000000000000000e+02 4.371895012397378868e-10
2.080000000000000000e+02 4.347434188633701633e-10
2.090000000000000000e+02 4.323261738489021968e-10
2.100000000000000000e+02 4.299390489193516779e-10
2.110000000000000000e+02 4.275830168456486293e-10
2.120000000000000000e+02 4.252587218552003398e-10
2.130000000000000000e+02 4.229664605986769697e-10
2.140000000000000000e+02 4.207061626716474784e-10
2.150000000000000000e+02 4.184773706851991504e-10
2.160000000000000000e+02 4.162792198839665398e-10
2.170000000000000000e+02 4.141104173044661134e-10
2.180000000000000000e+02 4.119692204727066968e-10
2.190000000000000000e+02 4.098534156337031180e-10
2.200000000000000000e+02 4.077602955116883095e-10
2.210000000000000000e+02 4.056866365947250957e-10
2.220000000000000000e+02 4.036286759408334942e-10
2.230000000000000000e+02 4.015820875008063629e-10
2.240000000000000000e+02 3.995431925886852924e-10
2.250000000000000000e+02 3.975128162955207972e-10
2.260000000000000000e+02 3.954928764771986103e-10
2.270000000000000000e+02 3.934851848334432115e-10
2.280000000000000000e+02 3.914914390241364780e-10
2.290000000000000000e+02 3.895132145980910177e-10
2.300000000000000000e+02 3.875519567321743570e-10
2.310000000000000000e+02 3.856089717789044205e-10
2.320000000000000000e+02 3.836854186219809615e-10
2.330000000000000000e+02 3.817822998361336678e-10
2.340000000000000000e+02 3.799004526517635515e-10
2.350000000000000000e+02 3.780405397208258153e-10
2.360000000000000000e+02 3.762030396831724037e-10
2.370000000000000000e+02 3.743882375316634846e-10
2.380000000000000000e+02 3.725962147740853205e-10
2.390000000000000000e+02 3.708268393903517961e-10
2.400000000000000000e+02 3.690797555827440120e-10
2.410000000000000000e+02 3.673543733187441625e-10
2.420000000000000000e+02 3.656498576631454111e-10
2.430000000000000000e+02 3.639651178989007678e-10
2.440000000000000000e+02 3.622987964349335646e-10
2.450000000000000000e+02 3.606492574983739610e-10
2.460000000000000000e+02 3.590145756103447735e-10
2.470000000000000000e+02 3.573925238434192363e-10
2.480000000000000000e+02 3.557805618589564381e-10
2.490000000000000000e+02 3.541758237221244203e-10
2.500000000000000000e+02 3.525758973734826857e-10
2.510000000000000000e+02 3.509812894001471481e-10
2.520000000000000000e+02 3.493932187487084220e-10
2.530000000000000000e+02 3.478128459773732114e-10
2.540000000000000000e+02 3.462412693151231014e-10
2.550000000000000000e+02 3.446795206360772564e-10
2.560000000000000000e+02 3.431285613488692378e-10
2.570000000000000000e+02 3.415892782007788779e-10
2.580000000000000000e+02 3.400624789937594936e-10
2.590000000000000000e+02 3.385488882153954156e-10
2.600000000000000000e+02 3.370491425796368600e-10
2.610000000000000000e+02 3.355637864806883319e-10
2.620000000000000000e+02 3.340932673565357680e-10
2.630000000000000000e+02 3.326379309631126842e-10
2.640000000000000000e+02 3.311980165573522766e-10
2.650000000000000000e+02 3.297736519889667068e-10
2.660000000000000000e+02 3.283648487002726997e-10
2.670000000000000000e+02 3.269714966334914581e-10
2.680000000000000000e+02 3.255933590438285692e-10
2.690000000000000000e+02 3.242300672190859143e-10
2.700000000000000000e+02 3.228811151045798549e-10
2.710000000000000000e+02 3.215458538318705659e-10
2.720000000000000000e+02 3.202234861518634486e-10
2.730000000000000000e+02 3.189130607710348199e-10
2.740000000000000000e+02 3.176134665896217075e-10
2.750000000000000000e+02 3.163234268417772482e-10
2.760000000000000000e+02 3.150414931371361356e-10
2.770000000000000000e+02 3.137660394023943008e-10
2.780000000000000000e+02 3.124952557223173892e-10
2.790000000000000000e+02 3.112276372561753222e-10
2.800000000000000000e+02 3.099635204014914953e-10
2.810000000000000000e+02 3.087036926174711628e-10
2.820000000000000000e+02 3.074489093342532608e-10
2.830000000000000000e+02 3.061998919764417949e-10
2.840000000000000000e+02 3.049573259509846571e-10
2.850000000000000000e+02 3.037218585938658799e-10
2.860000000000000000e+02 3.024940970806117884e-10
2.870000000000000000e+02 3.012746062961697631e-10
2.880000000000000000e+02 3.000639066661543595e-10
2.890000000000000000e+02 2.988624719482897036e-10
2.900000000000000000e+02 2.976707269844191526e-10
2.910000000000000000e+02 2.964890454117538230e-10
2.920000000000000000e+02 2.953177473346626380e-10
2.930000000000000000e+02 2.941570969551438241e-10
2.940000000000000000e+02 2.930073001620751553e-10
2.950000000000000000e+02 2.918685020803243788e-10
2.960000000000000000e+02 2.907407845768653250e-10
2.970000000000000000e+02 2.896241637270258778e-10
2.980000000000000000e+02 2.885185872366218331e-10
2.990000000000000000e+02 2.874239318231192095e-10
3.000000000000000000e+02 2.863400005539113805e-10
3.010000000000000000e+02 2.852665201411307079e-10
3.020000000000000000e+02 2.842031381945591359e-10
3.030000000000000000e+02 2.831494204292342568e-10
3.040000000000000000e+02 2.821048478307337153e-10
3.050000000000000000e+02 2.810688137764609976e-10
3.060000000000000000e+02 2.800406211114707685e-10
3.070000000000000000e+02 2.790194791813249174e-10
3.080000000000000000e+02 2.780045008181826544e-10
3.090000000000000000e+02 2.769946992835231825e-10
3.100000000000000000e+02 2.759889851648760926e-10
3.110000000000000000e+02 2.749861632259504203e-10
3.120000000000000000e+02 2.739852475562116032e-10
3.130000000000000000e+02 2.729864461160087552e-10
3.140000000000000000e+02 2.719902608016792844e-10
3.150000000000000000e+02 2.709971762168649586e-10
3.160000000000000000e+02 2.700076586970032303e-10
3.170000000000000000e+02 2.690221553195436466e-10
3.180000000000000000e+02 2.680410928943190594e-10
3.190000000000000000e+02 2.670648769396066105e-10
3.200000000000000000e+02 2.660938906385700611e-10
3.210000000000000000e+02 2.651284937799247881e-10
3.220000000000000000e+02 2.641690216801711282e-10
3.230000000000000000e+02 2.632157840885574323e-10
3.240000000000000000e+02 2.622690640746763070e-10
3.250000000000000000e+02 2.613291168977637767e-10
3.260000000000000000e+02 2.603961688584070539e-10
3.270000000000000000e+02 2.594704161322268027e-10
3.280000000000000000e+02 2.585520235844058813e-10
3.290000000000000000e+02 2.576411235679784595e-10
3.300000000000000000e+02 2.567378147024255703e-10
3.310000000000000000e+02 2.558421606329241459e-10
3.320000000000000000e+02 2.549541887737494461e-10
3.330000000000000000e+02 2.540738890295469922e-10
3.340000000000000000e+02 2.532012125012467558e-10
3.350000000000000000e+02 2.523360701699355690e-10
3.360000000000000000e+02 2.514783315639590171e-10
3.370000000000000000e+02 2.506278234058376933e-10
3.380000000000000000e+02 2.497843282401015351e-10
3.390000000000000000e+02 2.489475830417576908e-10
3.400000000000000000e+02 2.481172778054634672e-10
3.410000000000000000e+02 2.472930541149328156e-10
3.420000000000000000e+02 2.464745036924594620e-10
3.430000000000000000e+02 2.456611669291772771e-10
3.440000000000000000e+02 2.448525313950396246e-10
3.450000000000000000e+02 2.440480303282006715e-10
3.460000000000000000e+02 2.432470411059313387e-10
3.470000000000000000e+02 2.424488836934201649e-10
3.480000000000000000e+02 2.416528190731352184e-10
3.490000000000000000e+02 2.408582420235172510e-10
3.500000000000000000e+02 2.400652804911975743e-10
3.510000000000000000e+02 2.392742426434325700e-10
3.520000000000000000e+02 2.384854264152143248e-10
3.530000000000000000e+02 2.376991190065838206e-10
3.540000000000000000e+02 2.369155963727572705e-10
3.550000000000000000e+02 2.361351227064504873e-10
3.560000000000000000e+02 2.353579499117554623e-10
3.570000000000000000e+02 2.345843170717084005e-10
3.580000000000000000e+02 2.338144499053280560e-10
3.590000000000000000e+02 2.330485602194565821e-10
3.600000000000000000e+02 2.322868453503646409e-10
3.610000000000000000e+02 2.315294875986834668e-10
3.620000000000000000e+02 2.307766536549901244e-10
3.630000000000000000e+02 2.300284940192735693e-10
3.640000000000000000e+02 2.292851424088897920e-10
3.650000000000000000e+02 2.285467151623865391e-10
3.660000000000000000e+02 2.278133106306621163e-10
3.670000000000000000e+02 2.270850085635175435e-10
3.680000000000000000e+02 2.263618694857283338e-10
3.690000000000000000e+02 2.256439340648698996e-10
3.700000000000000000e+02 2.249312224712895274e-10
3.710000000000000000e+02 2.242237337291194418e-10
3.720000000000000000e+02 2.235214450589245159e-10
3.730000000000000000e+02 2.228243112110685749e-10
3.740000000000000000e+02 2.221322637917139325e-10
3.750000000000000000e+02 2.214452105787322716e-10
3.760000000000000000e+02 2.207630348297455725e-10
3.770000000000000000e+02 2.200855945807856244e-10
3.780000000000000000e+02 2.194127219366307039e-10
3.790000000000000000e+02 2.187442223517519185e-10
3.800000000000000000e+02 2.180798739027618975e-10
3.810000000000000000e+02 2.174194265514665822e-10
3.820000000000000000e+02 2.167626013991053966e-10
3.830000000000000000e+02 2.161090899315085102e-10
3.840000000000000000e+02 2.154585532550825807e-10
3.850000000000000000e+02 2.148106213235274458e-10
3.860000000000000000e+02 2.141648921555197458e-10
3.870000000000000000e+02 2.135209310430631301e-10
3.880000000000000000e+02 2.128783846218371261e-10
3.890000000000000000e+02 2.122373341734941099e-10
3.900000000000000000e+02 2.115979670617670700e-10
3.910000000000000000e+02 2.109604639325111584e-10
3.920000000000000000e+02 2.103249984344733405e-10
3.930000000000000000e+02 2.096917369360137179e-10
3.940000000000000000e+02 2.090608382381400562e-10
3.950000000000000000e+02 2.084324532834495267e-10
3.960000000000000000e+02 2.078067248614431056e-10
3.970000000000000000e+02 2.071837873096559645e-10
3.980000000000000000e+02 2.065637662110484364e-10
3.990000000000000000e+02 2.059467780873930646e-10
4.000000000000000000e+02 2.053329300885862889e-10
4.010000000000000000e+02 2.047223196781639923e-10
4.020000000000000000e+02 2.041150343145254286e-10
4.030000000000000000e+02 2.035111511284227133e-10
4.040000000000000000e+02 2.029107365961929714e-10
4.050000000000000000e+02 2.023138462089390058e-10
4.060000000000000000e+02 2.017205241376890932e-10
4.070000000000000000e+02 2.011308028943642659e-10
4.080000000000000000e+02 2.005447029886599940e-10
4.090000000000000000e+02 1.999622325807978581e-10
4.100000000000000000e+02 1.993833871298895456e-10
4.110000000000000000e+02 1.988081490384981431e-10
4.120000000000000000e+02 1.982364872925875861e-10
4.130000000000000000e+02 1.976683570973913947e-10
4.140000000000000000e+02 1.971036995091575773e-10
4.150000000000000000e+02 1.965424410623765083e-10
4.160000000000000000e+02 1.959844933928428656e-10
4.170000000000000000e+02 1.954297528564829200e-10
4.180000000000000000e+02 1.948781001435430737e-10
4.190000000000000000e+02 1.943293998887745858e-10
4.200000000000000000e+02 1.937835002770769218e-10
4.210000000000000000e+02 1.932402326446588947e-10
4.220000000000000000e+02 1.926994110759185010e-10
4.230000000000000000e+02 1.921608319958850357e-10
4.240000000000000000e+02 1.916242737580056283e-10
4.250000000000000000e+02 1.910894962277893356e-10
4.260000000000000000e+02 1.905562403616429372e-10
4.270000000000000000e+02 1.900242972916734732e-10
4.280000000000000000e+02 1.894937216481697121e-10
4.290000000000000000e+02 1.889646318550603770e-10
4.300000000000000000e+02 1.884371417483614363e-10
4.310000000000000000e+02 1.879113604113805292e-10
4.320000000000000000e+02 1.873873920078016626e-10
4.330000000000000000e+02 1.868653356128454224e-10
4.340000000000000000e+02 1.863452850421424420e-10
4.350000000000000000e+02 1.858273286787493088e-10
4.360000000000000000e+02 1.853115492981852856e-10
4.370000000000000000e+02 1.847980238910007249e-10
4.380000000000000000e+02 1.842868234836717093e-10
4.390000000000000000e+02 1.837780129571868320e-10
4.400000000000000000e+02 1.832716508634622665e-10
4.410000000000000000e+02 1.827677892398799374e-10
4.420000000000000000e+02 1.822664734214235587e-10
4.430000000000000000e+02 1.817677418508890994e-10
4.440000000000000000e+02 1.812716258868249220e-10
4.450000000000000000e+02 1.807781496092505543e-10
4.460000000000000000e+02 1.802873296235183361e-10
4.470000000000000000e+02 1.797991748616261099e-10
4.480000000000000000e+02 1.793136863814961840e-10
4.490000000000000000e+02 1.788308571641532574e-10
4.500000000000000000e+02 1.783506719085703667e-10
4.510000000000000000e+02 1.778731068242342712e-10
4.520000000000000000e+02 1.773981294217716930e-10
4.530000000000000000e+02 1.769256983009577119e-10
4.540000000000000000e+02 1.764557629368957812e-10
4.550000000000000000e+02 1.759882634634925779e-10
4.560000000000000000e+02 1.755231304550229196e-10
4.570000000000000000e+02 1.750602847052919272e-10
4.580000000000000000e+02 1.745996370044810317e-10
4.590000000000000000e+02 1.741410879137657106e-10
4.600000000000000000e+02 1.736845275375979384e-10
4.610000000000000000e+02 1.732298352936425461e-10
4.620000000000000000e+02 1.727768796804906627e-10
4.630000000000000000e+02 1.723255180429426407e-10
4.640000000000000000e+02 1.718755963349810799e-10
4.650000000000000000e+02 1.714269488803937023e-10
4.660000000000000000e+02 1.709794428247475010e-10
4.670000000000000000e+02 1.705331150476935020e-10
4.680000000000000000e+02 1.700880432849308588e-10
4.690000000000000000e+02 1.696443020964765664e-10
4.700000000000000000e+02 1.692019627656658816e-10
4.710000000000000000e+02 1.687610931971938334e-10
4.720000000000000000e+02 1.683217578140928767e-10
4.730000000000000000e+02 1.678840174532574214e-10
4.740000000000000000e+02 1.674479292603127185e-10
4.750000000000000000e+02 1.670135465827740403e-10
4.760000000000000000e+02 1.665809188625789618e-10
4.770000000000000000e+02 1.661500915270729952e-10
4.780000000000000000e+02 1.657211058789712264e-10
4.790000000000000000e+02 1.652939989852596093e-10
4.800000000000000000e+02 1.648688035646343736e-10
4.810000000000000000e+02 1.644455478742325131e-10
4.820000000000000000e+02 1.640242555945629228e-10
4.830000000000000000e+02 1.636049457137928274e-10
4.840000000000000000e+02 1.631876324105871081e-10
4.850000000000000000e+02 1.627723249357860354e-10
4.860000000000000000e+02 1.623590274927303552e-10
4.870000000000000000e+02 1.619477391168606008e-10
4.880000000000000000e+02 1.615384535533609506e-10
4.890000000000000000e+02 1.611311591344039188e-10
4.900000000000000000e+02 1.607258386544635802e-10
4.910000000000000000e+02 1.603224692447733340e-10
4.920000000000000000e+02 1.599210222465910812e-10
4.930000000000000000e+02 1.595214630830378765e-10
4.940000000000000000e+02 1.591237511296925005e-10
4.950000000000000000e+02 1.587278395841681872e-10
4.960000000000000000e+02 1.583336753342083867e-10
4.970000000000000000e+02 1.579411988245621008e-10
4.980000000000000000e+02 1.575503439227528398e-10
4.990000000000000000e+02 1.571610377833867766e-10
5.000000000000000000e+02 1.567732007111876902e-10
5.010000000000000000e+02 1.563867460231082577e-10
5.020000000000000000e+02 1.560015799085718159e-10
5.030000000000000000e+02 1.556176012889369339e-10
5.040000000000000000e+02 1.552347016753962105e-10
5.050000000000000000e+02 1.548527945206329682e-10
5.060000000000000000e+02 1.544719054317917874e-10
5.070000000000000000e+02 1.540920868543218400e-10
5.080000000000000000e+02 1.537133889776595220e-10
5.090000000000000000e+02 1.533358596711805314e-10
5.100000000000000000e+02 1.529595444192492324e-10
5.110000000000000000e+02 1.525844862560156529e-10
5.120000000000000000e+02 1.522107256989765958e-10
5.130000000000000000e+02 1.518383006826095169e-10
5.140000000000000000e+02 1.514672464905574151e-10
5.150000000000000000e+02 1.510975956877602911e-10
5.160000000000000000e+02 1.507293780515833147e-10
5.170000000000000000e+02 1.503626205023932876e-10
5.180000000000000000e+02 1.499973470333305698e-10
5.190000000000000000e+02 1.496335786396514930e-10
5.200000000000000000e+02 1.492713332470081823e-10
5.210000000000000000e+02 1.489106256395489319e-10
5.220000000000000000e+02 1.485514673866929458e-10
5.230000000000000000e+02 1.481938667698510538e-10
5.240000000000000000e+02 1.478378287080266056e-10
5.250000000000000000e+02 1.474833546828024937e-10
5.260000000000000000e+02 1.471304426628894082e-10
5.270000000000000000e+02 1.467790870274950496e-10
5.280000000000000000e+02 1.464292784894649362e-10
5.290000000000000000e+02 1.460810040173247154e-10
5.300000000000000000e+02 1.457342467570052257e-10
5.310000000000000000e+02 1.453889859524163296e-10
5.320000000000000000e+02 1.450451968657453480e-10
5.330000000000000000e+02 1.447028506966845530e-10
5.340000000000000000e+02 1.443619145010248086e-10
5.350000000000000000e+02 1.440223511088397052e-10
5.360000000000000000e+02 1.436841190413167876e-10
5.370000000000000000e+02 1.433471724275781862e-10
5.380000000000000000e+02 1.430114609201401216e-10
5.390000000000000000e+02 1.426769296101353699e-10
5.400000000000000000e+02 1.423435189413451062e-10
5.410000000000000000e+02 1.420111646239473339e-10
5.420000000000000000e+02 1.416797975472045851e-10
5.430000000000000000e+02 1.413493436914982515e-10
5.440000000000000000e+02 1.410197442291554499e-10
5.450000000000000000e+02 1.406910171934720587e-10
5.460000000000000000e+02 1.403631989240579557e-10
5.470000000000000000e+02 1.400363241308440362e-10
5.480000000000000000e+02 1.397104258522282954e-10
5.490000000000000000e+02 1.393855354123529577e-10
5.500000000000000000e+02 1.390616823786897572e-10
5.510000000000000000e+02 1.387388945187543257e-10
5.520000000000000000e+02 1.384171977564646603e-10
5.530000000000000000e+02 1.380966161283841484e-10
5.540000000000000000e+02 1.377771717390325921e-10
5.550000000000000000e+02 1.374588847164636620e-10
5.560000000000000000e+02 1.371417731668102118e-10
5.570000000000000000e+02 1.368258531287564893e-10
5.580000000000000000e+02 1.365111385276507062e-10
5.590000000000000000e+02 1.361976411289621950e-10
5.600000000000000000e+02 1.358853704915203212e-10
5.610000000000000000e+02 1.355743339201418489e-10
5.620000000000000000e+02 1.352645364182371109e-10
5.630000000000000000e+02 1.349559806394055707e-10
5.640000000000000000e+02 1.346486668392561705e-10
5.650000000000000000e+02 1.343425928262110229e-10
5.660000000000000000e+02 1.340377539123346417e-10
5.670000000000000000e+02 1.337341428636425916e-10
5.680000000000000000e+02 1.334317498495798297e-10
5.690000000000000000e+02 1.331305623927793836e-10
5.700000000000000000e+02 1.328305653178382873e-10
5.710000000000000000e+02 1.325317406999170171e-10
5.720000000000000000e+02 1.322340678127037051e-10
5.730000000000000000e+02 1.319375230762526984e-10
5.740000000000000000e+02 1.316420800041346712e-10
5.750000000000000000e+02 1.313477091500968139e-10
5.760000000000000000e+02 1.310543780548585242e-10
5.770000000000000000e+02 1.307620511913772795e-10
5.780000000000000000e+02 1.304706899110284150e-10
5.790000000000000000e+02 1.301802523880393433e-10
5.800000000000000000e+02 1.298906935644743406e-10
5.810000000000000000e+02 1.296019650943584704e-10
5.820000000000000000e+02 1.293140152871421673e-10
5.830000000000000000e+02 1.290268031926446927e-10
5.840000000000000000e+02 1.287403417457320111e-10
5.850000000000000000e+02 1.284546566584708767e-10
5.860000000000000000e+02 1.281697724435192835e-10
5.870000000000000000e+02 1.278857123860741079e-10
5.880000000000000000e+02 1.276024985152482041e-10
5.890000000000000000e+02 1.273201515754137395e-10
5.900000000000000000e+02 1.270386909971881372e-10
5.910000000000000000e+02 1.267581348682236916e-10
5.920000000000000000e+02 1.264784999038560727e-10
5.930000000000000000e+02 1.261998014171163923e-10
5.940000000000000000e+02 1.259220532890953645e-10
5.950000000000000000e+02 1.256452679384481294e-10
5.960000000000000000e+02 1.253694562909738588e-10
5.970000000000000000e+02 1.250946277489419605e-10
5.980000000000000000e+02 1.248207901599939903e-10
5.990000000000000000e+02 1.245479497860123481e-10
6.000000000000000000e+02 1.242761112714500651e-10
6.010000000000000000e+02 1.240052776118533507e-10
6.020000000000000000e+02 1.237354501213318097e-10
6.030000000000000000e+02 1.234666284008452429e-10
6.040000000000000000e+02 1.231988103052073863e-10
6.050000000000000000e+02 1.229319919104515678e-10
6.060000000000000000e+02 1.226661674807641369e-10
6.070000000000000000e+02 1.224013294351535834e-10
6.080000000000000000e+02 1.221374683136809664e-10
6.090000000000000000e+02 1.218745727438876778e-10
6.100000000000000000e+02 1.216126294062606262e-10
6.110000000000000000e+02 1.213516230001856370e-10
6.120000000000000000e+02 1.210915362091089842e-10
6.130000000000000000e+02 1.208323496656635329e-10
6.140000000000000000e+02 1.205740419162295039e-10
6.150000000000000000e+02 1.203165893858744500e-10
6.160000000000000000e+02 1.200599663420750266e-10
6.170000000000000000e+02 1.198041448592337356e-10
6.180000000000000000e+02 1.195490947818518361e-10
6.190000000000000000e+02 1.192947836883816033e-10
6.200000000000000000e+02 1.190411768541476218e-10
6.210000000000000000e+02 1.187882372142292008e-10
6.220000000000000000e+02 1.185359354745015579e-10
6.230000000000000000e+02 1.182842810424715759e-10
6.240000000000000000e+02 1.180332924671748003e-10
6.250000000000000000e+02 1.177829874018194274e-10
6.260000000000000000e+02 1.175333825838494161e-10
6.270000000000000000e+02 1.172844938157047063e-10
6.280000000000000000e+02 1.170363359449319712e-10
6.290000000000000000e+02 1.167889228445057839e-10
6.300000000000000000e+02 1.165422673923066800e-10
6.310000000000000000e+02 1.162963814514313635e-10
6.320000000000000000e+02 1.160512758494090318e-10
6.330000000000000000e+02 1.158069603578783882e-10
6.340000000000000000e+02 1.155634436717897228e-10
6.350000000000000000e+02 1.153207333886327926e-10
6.360000000000000000e+02 1.150788359872481369e-10
6.370000000000000000e+02 1.148377568067267605e-10
6.380000000000000000e+02 1.145975000250188935e-10
6.390000000000000000e+02 1.143580686373770183e-10
6.400000000000000000e+02 1.141194644348259616e-10
6.410000000000000000e+02 1.138816879820821860e-10
6.420000000000000000e+02 1.136447385955610224e-10
6.430000000000000000e+02 1.134086143214133964e-10
6.440000000000000000e+02 1.131733119128762012e-10
6.450000000000000000e+02 1.129388268077767590e-10
6.460000000000000000e+02 1.127051531061318394e-10
6.470000000000000000e+02 1.124722835468582471e-10
6.480000000000000000e+02 1.122402094850325801e-10
6.490000000000000000e+02 1.120089208685886856e-10
6.500000000000000000e+02 1.117784062149088755e-10
6.510000000000000000e+02 1.115486525873101152e-10
6.520000000000000000e+02 1.113196455713587926e-10
6.530000000000000000e+02 1.110913692508128938e-10
6.540000000000000000e+02 1.108638061837917826e-10
6.550000000000000000e+02 1.106369373783720977e-10
6.560000000000000000e+02 1.104107422681421358e-10
6.570000000000000000e+02 1.101851986878529370e-10
6.580000000000000000e+02 1.099602828482859534e-10
6.590000000000000000e+02 1.097359693116212900e-10
6.600000000000000000e+02 1.095122309662937927e-10
6.610000000000000000e+02 1.092890464234941753e-10
6.620000000000000000e+02 1.090664226184549431e-10
6.630000000000000000e+02 1.088443731531687173e-10
6.640000000000000000e+02 1.086229109504492082e-10
6.650000000000000000e+02 1.084020482401474904e-10
6.660000000000000000e+02 1.081817965454701390e-10
6.670000000000000000e+02 1.079621666690538630e-10
6.680000000000000000e+02 1.077431686790736146e-10
6.690000000000000000e+02 1.075248118951056592e-10
6.700000000000000000e+02 1.073071048739538353e-10
6.710000000000000000e+02 1.070900553955819912e-10
6.720000000000000000e+02 1.068736704484463795e-10
6.730000000000000000e+02 1.066579562151433242e-10
6.740000000000000000e+02 1.064429180578095211e-10
6.750000000000000000e+02 1.062285605034859691e-10
6.760000000000000000e+02 1.060148872290881888e-10
6.770000000000000000e+02 1.058019010466966376e-10
6.780000000000000000e+02 1.055896038885255716e-10
6.790000000000000000e+02 1.053779967916380660e-10
6.800000000000000000e+02 1.051670798827673412e-10
6.810000000000000000e+02 1.049568523630299744e-10
6.820000000000000000e+02 1.047473124924574664e-10
6.830000000000000000e+02 1.045384575741239905e-10
6.840000000000000000e+02 1.043302839390418803e-10
6.850000000000000000e+02 1.041227869297754012e-10
6.860000000000000000e+02 1.039159608848958689e-10
6.870000000000000000e+02 1.037097991228117802e-10
6.880000000000000000e+02 1.035042939257081321e-10
6.890000000000000000e+02 1.032994365233002843e-10
6.900000000000000000e+02 1.030952170764007501e-10
6.910000000000000000e+02 1.028916246605221886e-10
6.920000000000000000e+02 1.026886472492929115e-10
6.930000000000000000e+02 1.024862716976845432e-10
6.940000000000000000e+02 1.022844837253509739e-10
6.950000000000000000e+02 1.020832678996287517e-10
6.960000000000000000e+02 1.018826076184216944e-10
6.970000000000000000e+02 1.016824850931988770e-10
6.980000000000000000e+02 1.014828813316504382e-10
6.990000000000000000e+02 1.012837761203037202e-10
7.000000000000000000e+02 1.010851535325075200e-10
7.010000000000000000e+02 1.008870187403346463e-10
7.020000000000000000e+02 1.006893818665502623e-10
7.030000000000000000e+02 1.004922525124002628e-10
7.040000000000000000e+02 1.002956397478845862e-10
7.050000000000000000e+02 1.000995521017259951e-10
7.060000000000000000e+02 9.990399755181368499e-11
7.070000000000000000e+02 9.970898351479569753e-11
7.080000000000000000e+02 9.951451683630236943e-11
7.090000000000000000e+02 9.932060378102401678e-11
7.100000000000000000e+02 9.912725002192753710e-11
7.110000000000000000e+02 9.893446063066364754e-11
7.120000000000000000e+02 9.874224006679660547e-11
7.130000000000000000e+02 9.855059216751475385e-11
7.140000000000000000e+02 9.835952013743095768e-11
7.150000000000000000e+02 9.816902653743011556e-11
7.160000000000000000e+02 9.797911327464427356e-11
7.170000000000000000e+02 9.778978159155541236e-11
7.180000000000000000e+02 9.760103205510322349e-11
7.190000000000000000e+02 9.741286454604269403e-11
7.200000000000000000e+02 9.722527824774214235e-11
7.210000000000000000e+02 9.703827163572045622e-11
7.220000000000000000e+02 9.685184246597137373e-11
7.230000000000000000e+02 9.666598776427203179e-11
7.240000000000000000e+02 9.648070381484778700e-11
7.250000000000000000e+02 9.629598614904282695e-11
7.260000000000000000e+02 9.611182953399832935e-11
7.270000000000000000e+02 9.592822796117327613e-11
7.280000000000000000e+02 9.574517463487253096e-11
7.290000000000000000e+02 9.556266196086776805e-11
7.300000000000000000e+02 9.538068153427528236e-11
7.310000000000000000e+02 9.519922412827530110e-11
7.320000000000000000e+02 9.501827968217280774e-11
7.330000000000000000e+02 9.483783728921112949e-11
7.340000000000000000e+02 9.465788518515167495e-11
7.350000000000000000e+02 9.447841073585132274e-11
7.360000000000000000e+02 9.429940042518312891e-11
7.370000000000000000e+02 9.412083984305110019e-11
7.380000000000000000e+02 9.394271367273206885e-11
7.390000000000000000e+02 9.376500985582181635e-11
7.400000000000000000e+02 9.358773229017723954e-11
7.410000000000000000e+02 9.341088860748517637e-11
7.420000000000000000e+02 9.323448603405028468e-11
7.430000000000000000e+02 9.305853138393317831e-11
7.440000000000000000e+02 9.288303105187058827e-11
7.450000000000000000e+02 9.270799100579850301e-11
7.460000000000000000e+02 9.253341678010994851e-11
7.470000000000000000e+02 9.235931346773129594e-11
7.480000000000000000e+02 9.218568571319527025e-11
7.490000000000000000e+02 9.201253770523069146e-11
7.500000000000000000e+02 9.183987316912549086e-11
7.510000000000000000e+02 9.166769535956994432e-11
7.520000000000000000e+02 9.149600705274366875e-11
7.530000000000000000e+02 9.132481053879350005e-11
7.540000000000000000e+02 9.115410761462018090e-11
7.550000000000000000e+02 9.098389957554610585e-11
7.560000000000000000e+02 9.081418720809160474e-11
7.570000000000000000e+02 9.064497078198812610e-11
7.580000000000000000e+02 9.047625004222855328e-11
7.590000000000000000e+02 9.030802420152736269e-11
7.600000000000000000e+02 9.014029193195473881e-11
7.610000000000000000e+02 8.997305135725998912e-11
7.620000000000000000e+02 8.980630004472928224e-11
7.630000000000000000e+02 8.964003499706414308e-11
7.640000000000000000e+02 8.947425264430011798e-11
7.650000000000000000e+02 8.930894883558337160e-11
7.660000000000000000e+02 8.914411883094164859e-11
7.670000000000000000e+02 8.897975729297643341e-11
7.680000000000000000e+02 8.881585827853095391e-11
7.690000000000000000e+02 8.865241523027924083e-11
7.700000000000000000e+02 8.848942096829086301e-11
7.710000000000000000e+02 8.832686768152557203e-11
7.720000000000000000e+02 8.816474691928507556e-11
7.730000000000000000e+02 8.800304958259390584e-11
7.740000000000000000e+02 8.784176591556569623e-11
7.750000000000000000e+02 8.768088549666055417e-11
7.760000000000000000e+02 8.752039722996514291e-11
7.770000000000000000e+02 8.736028933632591280e-11
7.780000000000000000e+02 8.720055254568099671e-11
7.790000000000000000e+02 8.704118982332485113e-11
7.800000000000000000e+02 8.688220698998535250e-11
7.810000000000000000e+02 8.672360954825467154e-11
7.820000000000000000e+02 8.656540267733124802e-11
7.830000000000000000e+02 8.640759122777609899e-11
7.840000000000000000e+02 8.625017971616793954e-11
7.850000000000000000e+02 8.609317231981071324e-11
7.860000000000000000e+02 8.593657287132075483e-11
7.870000000000000000e+02 8.578038485324702725e-11
7.880000000000000000e+02 8.562461139261868309e-11
7.890000000000000000e+02 8.546925525544842357e-11
7.900000000000000000e+02 8.531431884126956511e-11
7.910000000000000000e+02 8.515980417754131279e-11
7.920000000000000000e+02 8.500571291410719310e-11
7.930000000000000000e+02 8.485204631754048606e-11
7.940000000000000000e+02 8.469880526554334646e-11
7.950000000000000000e+02 8.454599024123248514e-11
7.960000000000000000e+02 8.439360132740939228e-11
7.970000000000000000e+02 8.424163820085506592e-11
7.980000000000000000e+02 8.409010012648057836e-11
7.990000000000000000e+02 8.393898595154177505e-11
8.000000000000000000e+02 8.378829409977897128e-11
8.010000000000000000e+02 8.363802256551130917e-11
8.020000000000000000e+02 8.348816890769550706e-11
8.030000000000000000e+02 8.333873024398939103e-11
8.040000000000000000e+02 8.318970324472951603e-11
8.050000000000000000e+02 8.304108412690329389e-11
8.060000000000000000e+02 8.289286864806513166e-11
8.070000000000000000e+02 8.274505210023682761e-11
8.080000000000000000e+02 8.259762930377237265e-11
8.090000000000000000e+02 8.245059460115585344e-11
8.100000000000000000e+02 8.230394185079386260e-11
8.110000000000000000e+02 8.215766442079252850e-11
8.120000000000000000e+02 8.201175518259493242e-11
8.130000000000000000e+02 8.186620650473727790e-11
8.140000000000000000e+02 8.172101024644426387e-11
8.150000000000000000e+02 8.157615775120852172e-11
8.160000000000000000e+02 8.143163984042728279e-11
8.170000000000000000e+02 8.128744929076520917e-11
8.180000000000000000e+02 8.114358837677059126e-11
8.190000000000000000e+02 8.100006158434321726e-11
8.200000000000000000e+02 8.085687314707730470e-11
8.210000000000000000e+02 8.071402704243266242e-11
8.220000000000000000e+02 8.057152698770252109e-11
8.230000000000000000e+02 8.042937643613697710e-11
8.240000000000000000e+02 8.028757857287273407e-11
8.250000000000000000e+02 8.014613631098754177e-11
8.260000000000000000e+02 8.000505228739166759e-11
8.270000000000000000e+02 7.986432885884484093e-11
8.280000000000000000e+02 7.972396809780967434e-11
8.290000000000000000e+02 7.958397178836646405e-11
8.300000000000000000e+02 7.944434142207099257e-11
8.310000000000000000e+02 7.930507819376659081e-11
8.320000000000000000e+02 7.916618299747953861e-11
8.330000000000000000e+02 7.902765642212761299e-11
8.340000000000000000e+02 7.888949874730109215e-11
8.350000000000000000e+02 7.875170993906296569e-11
8.360000000000000000e+02 7.861428964557148184e-11
8.370000000000000000e+02 7.847723719285273758e-11
8.380000000000000000e+02 7.834055158043896814e-11
8.390000000000000000e+02 7.820423147698138789e-11
8.400000000000000000e+02 7.806827521591545369e-11
8.410000000000000000e+02 7.793268079102362254e-11
8.420000000000000000e+02 7.779744585199504603e-11
8.430000000000000000e+02 7.766256770000445804e-11
8.440000000000000000e+02 7.752804328316561518e-11
8.450000000000000000e+02 7.739386919209324026e-11
8.460000000000000000e+02 7.726004165532791211e-11
8.470000000000000000e+02 7.712655653474651860e-11
8.480000000000000000e+02 7.699340932104806062e-11
8.490000000000000000e+02 7.686059512909075739e-11
8.500000000000000000e+02 7.672810869328181997e-11
8.510000000000000000e+02 7.659594436286265101e-11
8.520000000000000000e+02 7.646409609730420169e-11
8.530000000000000000e+02 7.633255746151764768e-11
8.540000000000000000e+02 7.620132162116431383e-11
8.550000000000000000e+02 7.607038133784842358e-11
8.560000000000000000e+02 7.593973091346166138e-11
8.570000000000000000e+02 7.580937210561652134e-11
8.580000000000000000e+02 7.567930840402232613e-11
8.590000000000000000e+02 7.554954309653103532e-11
8.600000000000000000e+02 7.542007926623780931e-11
8.610000000000000000e+02 7.529091978844861695e-11
8.620000000000000000e+02 7.516206732767651000e-11
8.630000000000000000e+02 7.503352433465573384e-11
8.640000000000000000e+02 7.490529304331528038e-11
8.650000000000000000e+02 7.477737546765271402e-11
8.660000000000000000e+02 7.464977339874302195e-11
8.670000000000000000e+02 7.452248840163611816e-11
8.680000000000000000e+02 7.439552181218940083e-11
8.690000000000000000e+02 7.426887473404809077e-11
8.700000000000000000e+02 7.414254803539492857e-11
8.710000000000000000e+02 7.401654234588372563e-11
8.720000000000000000e+02 7.389085805341266179e-11
8.730000000000000000e+02 7.376549530093918763e-11
8.740000000000000000e+02 7.364045398327734919e-11
8.750000000000000000e+02 7.351573374385300393e-11
8.760000000000000000e+02 7.339133397147740282e-11
8.770000000000000000e+02 7.326725379707872828e-11
8.780000000000000000e+02 7.314349209036728969e-11
8.790000000000000000e+02 7.302004745663986621e-11
8.800000000000000000e+02 7.289691823334817385e-11
8.810000000000000000e+02 7.277410248684313427e-11
8.820000000000000000e+02 7.265159800895518090e-11
8.830000000000000000e+02 7.252940231369046076e-11
8.840000000000000000e+02 7.240751263376238866e-11
8.850000000000000000e+02 7.228592591725142722e-11
8.860000000000000000e+02 7.216463882412437549e-11
8.870000000000000000e+02 7.204364772280872968e-11
8.880000000000000000e+02 7.192294868673651578e-11
8.890000000000000000e+02 7.180253749085733555e-11
8.900000000000000000e+02 7.168240960809586210e-11
8.910000000000000000e+02 7.156256020591467185e-11
8.920000000000000000e+02 7.144298414265986395e-11
8.930000000000000000e+02 7.132367596413707542e-11
8.940000000000000000e+02 7.120462989990696564e-11
8.950000000000000000e+02 7.108584140485200272e-11
8.960000000000000000e+02 7.096731184601207089e-11
8.970000000000000000e+02 7.084904396117889871e-11
8.980000000000000000e+02 7.073104032530546519e-11
8.990000000000000000e+02 7.061330334830414842e-11
9.000000000000000000e+02 7.049583527266672013e-11
9.010000000000000000e+02 7.037863817124982811e-11
9.020000000000000000e+02 7.026171394492033613e-11
9.030000000000000000e+02 7.014506432027752700e-11
9.040000000000000000e+02 7.002869084726015955e-11
9.050000000000000000e+02 6.991259489684282233e-11
9.060000000000000000e+02 6.979677765865595402e-11
9.070000000000000000e+02 6.968124013864401758e-11
9.080000000000000000e+02 6.956598315663386068e-11
9.090000000000000000e+02 6.945100734396718259e-11
9.100000000000000000e+02 6.933631314110773332e-11
9.110000000000000000e+02 6.922190079515735489e-11
9.120000000000000000e+02 6.910777035746293484e-11
9.130000000000000000e+02 6.899392168117164814e-11
9.140000000000000000e+02 6.888035441876011696e-11
9.150000000000000000e+02 6.876706801951074726e-11
9.160000000000000000e+02 6.865406172711976803e-11
9.170000000000000000e+02 6.854133457710813011e-11
9.180000000000000000e+02 6.842888539433737943e-11
9.190000000000000000e+02 6.831671279048631670e-11
9.200000000000000000e+02 6.820481516150120022e-11
9.210000000000000000e+02 6.809319068507257363e-11
9.220000000000000000e+02 6.798183731797894339e-11
9.230000000000000000e+02 6.787075279364390759e-11
9.240000000000000000e+02 6.775993461938625868e-11
9.250000000000000000e+02 6.764938007392390135e-11
9.260000000000000000e+02 6.753908620473110088e-11
9.270000000000000000e+02 6.742904982536833129e-11
9.280000000000000000e+02 6.731926751283913593e-11
9.290000000000000000e+02 6.720973560498772685e-11
9.300000000000000000e+02 6.710045019774796304e-11
9.310000000000000000e+02 6.699140714248674351e-11
9.320000000000000000e+02 6.688260204332081438e-11
9.330000000000000000e+02 6.677403025437912417e-11
9.340000000000000000e+02 6.666568811324083815e-11
9.350000000000000000e+02 6.655757668927826679e-11
9.360000000000000000e+02 6.644969814685533964e-11
9.370000000000000000e+02 6.634205451801800414e-11
9.380000000000000000e+02 6.623464770066943931e-11
9.390000000000000000e+02 6.612747945687377976e-11
9.400000000000000000e+02 6.602055141099835845e-11
9.410000000000000000e+02 6.591386504802665897e-11
9.420000000000000000e+02 6.580742171168168824e-11
9.430000000000000000e+02 6.570122260265062728e-11
9.440000000000000000e+02 6.559526877678656629e-11
9.450000000000000000e+02 6.548956114330070153e-11
9.460000000000000000e+02 6.538410046287516146e-11
9.470000000000000000e+02 6.527888734585002076e-11
9.480000000000000000e+02 6.517392225040113769e-11
9.490000000000000000e+02 6.506920548065241167e-11
9.500000000000000000e+02 6.496473718480620001e-11
9.510000000000000000e+02 6.486051735325009528e-11
9.520000000000000000e+02 6.475654581671095554e-11
9.530000000000000000e+02 6.465282224434259196e-11
9.540000000000000000e+02 6.454934614176082712e-11
9.550000000000000000e+02 6.444611684922590783e-11
9.560000000000000000e+02 6.434313353961530512e-11
9.570000000000000000e+02 6.424039521657263915e-11
9.580000000000000000e+02 6.413790071248944898e-11
9.590000000000000000e+02 6.403564868662073299e-11
9.600000000000000000e+02 6.393363762303239060e-11
9.610000000000000000e+02 6.383186582869741447e-11
9.620000000000000000e+02 6.373033143149596157e-11
9.630000000000000000e+02 6.362903237819073824e-11
9.640000000000000000e+02 6.352796643243619611e-11
9.650000000000000000e+02 6.342713117277789241e-11
9.660000000000000000e+02 6.332652399062757770e-11
9.670000000000000000e+02 6.322614208818414200e-11
9.680000000000000000e+02 6.312598247644750245e-11
9.690000000000000000e+02 6.302604197311960666e-11
9.700000000000000000e+02 6.292631720059875234e-11
9.710000000000000000e+02 6.282680458380146572e-11
9.720000000000000000e+02 6.272750034819589247e-11
9.730000000000000000e+02 6.262840151513092272e-11
9.740000000000000000e+02 6.252950892525912360e-11
9.750000000000000000e+02 6.243082430157621729e-11
9.760000000000000000e+02 6.233234925870869666e-11
9.770000000000000000e+02 6.223408530158060396e-11
9.780000000000000000e+02 6.213603382399845748e-11
9.790000000000000000e+02 6.203819610724389418e-11
9.800000000000000000e+02 6.194057331877981706e-11
9.810000000000000000e+02 6.184316651073873550e-11
9.820000000000000000e+02 6.174597661858482648e-11
9.830000000000000000e+02 6.164900445966329243e-11
9.840000000000000000e+02 6.155225073181841384e-11
9.850000000000000000e+02 6.145571601192852190e-11
9.860000000000000000e+02 6.135940075449469919e-11
9.870000000000000000e+02 6.126330529020745656e-11
9.880000000000000000e+02 6.116742982444457317e-11
9.890000000000000000e+02 6.107177443591541207e-11
9.900000000000000000e+02 6.097633907506782208e-11
9.910000000000000000e+02 6.088112356274885477e-11
9.920000000000000000e+02 6.078612758861246768e-11
9.930000000000000000e+02 6.069135070973548312e-11
9.940000000000000000e+02 6.059679234904122747e-11
9.950000000000000000e+02 6.050245179387062839e-11
9.960000000000000000e+02 6.040832819442202297e-11
9.970000000000000000e+02 6.031442056226134074e-11
9.980000000000000000e+02 6.022072776880941013e-11
9.990000000000000000e+02 6.012724854379091723e-11
1.000000000000000000e+03 6.003398147372301758e-11
1.001000000000000000e+03 5.994092500038073520e-11
1.002000000000000000e+03 5.984807741917677421e-11
1.003000000000000000e+03 5.975543687770665038e-11
1.004000000000000000e+03 5.966300137409785828e-11
1.005000000000000000e+03 5.957076875549331322e-11
1.006000000000000000e+03 5.947873671644865003e-11
1.007000000000000000e+03 5.938690279735372979e-11
1.008000000000000000e+03 5.929526438283071411e-11
1.009000000000000000e+03 5.920381870010882324e-11
1.010000000000000000e+03 5.911256281747140790e-11
1.011000000000000000e+03 5.902149364263202567e-11
1.012000000000000000e+03 5.893060873229719221e-11
1.013000000000000000e+03 5.883990875021458343e-11
1.014000000000000000e+03 5.874939507674209210e-11
1.015000000000000000e+03 5.865906900296678001e-11
1.016000000000000000e+03 5.856893172958681415e-11
1.017000000000000000e+03 5.847898436583642915e-11
1.018000000000000000e+03 5.838922792842216010e-11
1.019000000000000000e+03 5.829966334038853238e-11
1.020000000000000000e+03 5.821029143002733352e-11
1.021000000000000000e+03 5.812111292976508115e-11
1.022000000000000000e+03 5.803212847509444779e-11
1.023000000000000000e+03 5.794333860338567343e-11
1.024000000000000000e+03 5.785474375285659641e-11
1.025000000000000000e+03 5.776634426135676253e-11
1.026000000000000000e+03 5.767814036524438519e-11
1.027000000000000000e+03 5.759013219834089254e-11
1.028000000000000000e+03 5.750231979066537985e-11
1.029000000000000000e+03 5.741470306736174987e-11
1.030000000000000000e+03 5.732728184753810725e-11
1.031000000000000000e+03 5.724005584303373609e-11
1.032000000000000000e+03 5.715302465739744775e-11
1.033000000000000000e+03 5.706618778454350942e-11
1.034000000000000000e+03 5.697954460771928381e-11
1.035000000000000000e+03 5.689309439825041565e-11
1.036000000000000000e+03 5.680683631436371486e-11
1.037000000000000000e+03 5.672076940000497329e-11
1.038000000000000000e+03 5.663489258365128199e-11
1.039000000000000000e+03 5.654920467705000729e-11
1.040000000000000000e+03 5.646370437410485640e-11
1.041000000000000000e+03 5.637839024958677461e-11
1.042000000000000000e+03 5.629326075789009178e-11
1.043000000000000000e+03 5.620831423191931821e-11
1.044000000000000000e+03 5.612354888176619853e-11
1.045000000000000000e+03 5.603896279346606495e-11
1.046000000000000000e+03 5.595455392783434967e-11
1.047000000000000000e+03 5.587032011914347710e-11
1.048000000000000000e+03 5.578625907387951449e-11
1.049000000000000000e+03 5.570236836951073266e-11
1.050000000000000000e+03 5.561864545325079648e-11
1.051000000000000000e+03 5.553508830526403649e-11
1.052000000000000000e+03 5.545169745155950913e-11
1.053000000000000000e+03 5.536847400447362836e-11
1.054000000000000000e+03 5.528541900234296560e-11
1.055000000000000000e+03 5.520253340853300395e-11
1.056000000000000000e+03 5.511981811074238884e-11
1.057000000000000000e+03 5.503727391997105899e-11
1.058000000000000000e+03 5.495490156974641894e-11
1.059000000000000000e+03 5.487270171525852174e-11
1.060000000000000000e+03 5.479067493240291110e-11
1.061000000000000000e+03 5.470882171699536848e-11
1.062000000000000000e+03 5.462714248378877021e-11
1.063000000000000000e+03 5.454563756569783826e-11
1.064000000000000000e+03 5.446430721277202751e-11
1.065000000000000000e+03 5.438315159143017043e-11
1.066000000000000000e+03 5.430217078346031231e-11
1.067000000000000000e+03 5.422136478513960401e-11
1.068000000000000000e+03 5.414073350638627384e-11
1.069000000000000000e+03 5.406027676974644113e-11
1.070000000000000000e+03 5.397999430953766121e-11
1.071000000000000000e+03 5.389988577089888259e-11
1.072000000000000000e+03 5.381995070889019017e-11
1.073000000000000000e+03 5.374018858755237838e-11
1.074000000000000000e+03 5.366059877894420343e-11
1.075000000000000000e+03 5.358118056224781979e-11
1.076000000000000000e+03 5.350193312281588108e-11
1.077000000000000000e+03 5.342285555114144167e-11
1.078000000000000000e+03 5.334394684207851345e-11
1.079000000000000000e+03 5.326520589371256365e-11
1.080000000000000000e+03 5.318663150648157724e-11
1.081000000000000000e+03 5.310822238222038547e-11
1.082000000000000000e+03 5.302997712318236970e-11
1.083000000000000000e+03 5.295189423102000651e-11
1.084000000000000000e+03 5.287397210587145999e-11
1.085000000000000000e+03 5.279620904535115642e-11
1.086000000000000000e+03 5.271860324357279352e-11
1.087000000000000000e+03 5.264115279011247599e-11
1.088000000000000000e+03 5.256385566913462472e-11
1.089000000000000000e+03 5.248670975821648850e-11
1.090000000000000000e+03 5.240971337562279912e-11
1.091000000000000000e+03 5.233286693942386013e-11
1.092000000000000000e+03 5.225617135078328576e-11
1.093000000000000000e+03 5.217962744907133872e-11
1.094000000000000000e+03 5.210323601122608830e-11
1.095000000000000000e+03 5.202699775113069841e-11
1.096000000000000000e+03 5.195091331874291698e-11
1.097000000000000000e+03 5.187498329963564819e-11
1.098000000000000000e+03 5.179920821408211656e-11
1.099000000000000000e+03 5.172358851649640851e-11
1.100000000000000000e+03 5.164812459470098455e-11
1.101000000000000000e+03 5.157281676913385897e-11
1.102000000000000000e+03 5.149766529228063696e-11
1.103000000000000000e+03 5.142267034781808540e-11
1.104000000000000000e+03 5.134783205002132868e-11
1.105000000000000000e+03 5.127315044297718060e-11
1.106000000000000000e+03 5.119862549981285659e-11
1.107000000000000000e+03 5.112425712207520048e-11
1.108000000000000000e+03 5.105004513899183778e-11
1.109000000000000000e+03 5.097598930659407984e-11
1.110000000000000000e+03 5.090208930718338593e-11
1.111000000000000000e+03 5.082834474846710165e-11
1.112000000000000000e+03 5.075475516280630618e-11
1.113000000000000000e+03 5.068132000653816397e-11
1.114000000000000000e+03 5.060803865921784602e-11
1.115000000000000000e+03 5.053491042281796766e-11
1.116000000000000000e+03 5.046193452098310495e-11
1.117000000000000000e+03 5.038911009835953283e-11
1.118000000000000000e+03 5.031643621966742575e-11
1.119000000000000000e+03 5.024391186912208970e-11
1.120000000000000000e+03 5.017153594949927399e-11
1.121000000000000000e+03 5.009930728151134137e-11
1.122000000000000000e+03 5.002722460288497454e-11
1.123000000000000000e+03 4.995528656775122740e-11
1.124000000000000000e+03 4.988349174567667038e-11
1.125000000000000000e+03 4.981183862104731536e-11
1.126000000000000000e+03 4.974032559219203040e-11
1.127000000000000000e+03 4.966895097056151127e-11
1.128000000000000000e+03 4.959771298004382831e-11
1.129000000000000000e+03 4.952661021087937391e-11
1.130000000000000000e+03 4.945564299628621270e-11
1.131000000000000000e+03 4.938481206983825875e-11
1.132000000000000000e+03 4.931411811334748130e-11
1.133000000000000000e+03 4.924356175629890812e-11
1.134000000000000000e+03 4.917314357532365973e-11
1.135000000000000000e+03 4.910286409358876157e-11
1.136000000000000000e+03 4.903272378032599995e-11
1.137000000000000000e+03 4.896272305017641378e-11
1.138000000000000000e+03 4.889286226263319489e-11
1.139000000000000000e+03 4.882314172154326644e-11
1.140000000000000000e+03 4.875356167450523116e-11
1.141000000000000000e+03 4.868412231228479378e-11
1.142000000000000000e+03 4.861482376824823276e-11
1.143000000000000000e+03 4.854566611775236753e-11
1.144000000000000000e+03 4.847664937765519068e-11
1.145000000000000000e+03 4.840777350561888425e-11
1.146000000000000000e+03 4.833903839963625244e-11
1.147000000000000000e+03 4.827044389736981070e-11
1.148000000000000000e+03 4.820198977557029069e-11
1.149000000000000000e+03 4.813367574955521281e-11
1.150000000000000000e+03 4.806550147247774250e-11
1.151000000000000000e+03 4.799746653490397511e-11
1.152000000000000000e+03 4.792957046403497254e-11
1.153000000000000000e+03 4.786181272325879325e-11
1.154000000000000000e+03 4.779419271147128003e-11
1.155000000000000000e+03 4.772670976245654047e-11
1.156000000000000000e+03 4.765936314432783109e-11
1.157000000000000000e+03 4.759215205886121805e-11
1.158000000000000000e+03 4.752507564093142709e-11
1.159000000000000000e+03 4.745813295786149863e-11
1.160000000000000000e+03 4.739132300885390073e-11
1.161000000000000000e+03 4.732464472429270533e-11
1.162000000000000000e+03 4.725809696516970585e-11
1.163000000000000000e+03 4.719167852246595104e-11
1.164000000000000000e+03 4.712538811648839786e-11
1.165000000000000000e+03 4.705922439624612675e-11
1.166000000000000000e+03 4.699318593882426294e-11
1.167000000000000000e+03 4.692727124879824202e-11
1.168000000000000000e+03 4.686147913709549401e-11
1.169000000000000000e+03 4.679580986966744592e-11
1.170000000000000000e+03 4.673026404631733896e-11
1.171000000000000000e+03 4.666484222320985491e-11
1.172000000000000000e+03 4.659954491244073661e-11
1.173000000000000000e+03 4.653437258158324739e-11
1.174000000000000000e+03 4.646932565325415981e-11
1.175000000000000000e+03 4.640440450463475985e-11
1.176000000000000000e+03 4.633960946701138690e-11
1.177000000000000000e+03 4.627494082537938872e-11
1.178000000000000000e+03 4.621039881787124237e-11
1.179000000000000000e+03 4.614598363540018153e-11
1.180000000000000000e+03 4.608169542114976143e-11
1.181000000000000000e+03 4.601753427012679361e-11
1.182000000000000000e+03 4.595350022866859182e-11
1.183000000000000000e+03 4.588959329401413056e-11
1.184000000000000000e+03 4.582581341376332749e-11
1.185000000000000000e+03 4.576216048551054423e-11
1.186000000000000000e+03 4.569863435627798703e-11
1.187000000000000000e+03 4.563523482205713854e-11
1.188000000000000000e+03 4.557196162739270530e-11
1.189000000000000000e+03 4.550881446478762290e-11
1.190000000000000000e+03 4.544579297434958488e-11
1.191000000000000000e+03 4.538289674321432336e-11
1.192000000000000000e+03 4.532012530509958421e-11
1.193000000000000000e+03 4.525747813981312260e-11
1.194000000000000000e+03 4.519495467273622564e-11
1.195000000000000000e+03 4.513255427434983485e-11
1.196000000000000000e+03 4.507027625978147086e-11
1.197000000000000000e+03 4.500811988826041224e-11
1.198000000000000000e+03 4.494608436259312725e-11
1.199000000000000000e+03 4.488416882872672281e-11
1.200000000000000000e+03 4.482237237524320760e-11
1.201000000000000000e+03 4.476069403278370967e-11
1.202000000000000000e+03 4.469913277365174001e-11
1.203000000000000000e+03 4.463768751118792795e-11
1.204000000000000000e+03 4.457635709936972396e-11
1.205000000000000000e+03 4.451514033222728731e-11
1.206000000000000000e+03 4.445403594332554180e-11
1.207000000000000000e+03 4.439304292389469213e-11
1.208000000000000000e+03 4.433216148640712280e-11
1.209000000000000000e+03 4.427139212321249587e-11
1.210000000000000000e+03 4.421073528973462681e-11
1.211000000000000000e+03 4.415019140416787686e-11
1.212000000000000000e+03 4.408976084691853474e-11
1.213000000000000000e+03 4.402944396043610411e-11
1.214000000000000000e+03 4.396924104874385269e-11
1.215000000000000000e+03 4.390915237710619523e-11
1.216000000000000000e+03 4.384917817162509394e-11
1.217000000000000000e+03 4.378931861888134003e-11
1.218000000000000000e+03 4.372957386555109733e-11
1.219000000000000000e+03 4.366994401804430802e-11
1.220000000000000000e+03 4.361042914209481170e-11
1.221000000000000000e+03 4.355102926244255946e-11
1.222000000000000000e+03 4.349174436235054034e-11
1.223000000000000000e+03 4.343257438335419732e-11
1.224000000000000000e+03 4.337351922475187117e-11
1.225000000000000000e+03 4.331457874325730053e-11
1.226000000000000000e+03 4.325575275267487603e-11
1.227000000000000000e+03 4.319704102345545070e-11
1.228000000000000000e+03 4.313844328225023764e-11
1.229000000000000000e+03 4.307995921165254224e-11
1.230000000000000000e+03 4.302158844967763359e-11
1.231000000000000000e+03 4.296333058943044406e-11
1.232000000000000000e+03 4.290518517872467849e-11
1.233000000000000000e+03 4.284715171960489119e-11
1.234000000000000000e+03 4.278922966805774175e-11
1.235000000000000000e+03 4.273141843350705943e-11
1.236000000000000000e+03 4.267371737845045886e-11
1.237000000000000000e+03 4.261612581811872901e-11
1.238000000000000000e+03 4.255864301991759615e-11
1.239000000000000000e+03 4.250126820318017066e-11
1.240000000000000000e+03 4.244400053865339067e-11
1.241000000000000000e+03 4.238683914817568009e-11
1.242000000000000000e+03 4.232978310411140912e-11
1.243000000000000000e+03 4.227283142914665817e-11
1.244000000000000000e+03 4.221598309569606476e-11
1.245000000000000000e+03 4.215923702555028301e-11
1.246000000000000000e+03 4.210259235823717518e-11
1.247000000000000000e+03 4.204604926346482514e-11
1.248000000000000000e+03 4.198960814691420614e-11
1.249000000000000000e+03 4.193326938283698251e-11
1.250000000000000000e+03 4.187703331372664062e-11
1.251000000000000000e+03 4.182090025013579837e-11
1.252000000000000000e+03 4.176487047024704060e-11
1.253000000000000000e+03 4.170894421961409557e-11
1.254000000000000000e+03 4.165312171092701258e-11
1.255000000000000000e+03 4.159740312362822741e-11
1.256000000000000000e+03 4.154178860360112882e-11
1.257000000000000000e+03 4.148627826288213504e-11
1.258000000000000000e+03 4.143087217939678443e-11
1.259000000000000000e+03 4.137557039657039184e-11
1.260000000000000000e+03 4.132037292306154791e-11
1.261000000000000000e+03 4.126527973249483623e-11
1.262000000000000000e+03 4.121029076296751712e-11
1.263000000000000000e+03 4.115540591700462073e-11
1.264000000000000000e+03 4.110062506101313064e-11
1.265000000000000000e+03 4.104594802505973722e-11
1.266000000000000000e+03 4.099137460257279412e-11
1.267000000000000000e+03 4.093690454994219548e-11
1.268000000000000000e+03 4.088253758629442810e-11
1.269000000000000000e+03 4.082827339308981840e-11
1.270000000000000000e+03 4.077411161387022948e-11
1.271000000000000000e+03 4.072005185382820339e-11
1.272000000000000000e+03 4.066609367960301590e-11
1.273000000000000000e+03 4.061223661889815711e-11
1.274000000000000000e+03 4.055848016012269701e-11
1.275000000000000000e+03 4.050482375210778869e-11
1.276000000000000000e+03 4.045126680379674702e-11
1.277000000000000000e+03 4.039780868378031535e-11
1.278000000000000000e+03 4.034444872013758829e-11
1.279000000000000000e+03 4.029118620002008854e-11
1.280000000000000000e+03 4.023802036928553265e-11
1.281000000000000000e+03 4.018495043220725798e-11
1.282000000000000000e+03 4.013197555110551343e-11
1.283000000000000000e+03 4.007909484605474086e-11
1.284000000000000000e+03 4.002630739446056918e-11
1.285000000000000000e+03 3.997361245859400747e-11
1.286000000000000000e+03 3.992101017406473202e-11
1.287000000000000000e+03 3.986850087620795038e-11
1.288000000000000000e+03 3.981608487362794698e-11
1.289000000000000000e+03 3.976376244774757345e-11
1.290000000000000000e+03 3.971153385274695970e-11
1.291000000000000000e+03 3.965939931518880110e-11
1.292000000000000000e+03 3.960735903382519239e-11
1.293000000000000000e+03 3.955541317937776574e-11
1.294000000000000000e+03 3.950356189418549911e-11
1.295000000000000000e+03 3.945180529200892658e-11
1.296000000000000000e+03 3.940014345780742635e-11
1.297000000000000000e+03 3.934857644748945747e-11
1.298000000000000000e+03 3.929710428750298267e-11
1.299000000000000000e+03 3.924572697482136099e-11
1.300000000000000000e+03 3.919444447650548498e-11
1.301000000000000000e+03 3.914325672950277573e-11
1.302000000000000000e+03 3.909216364036577994e-11
1.303000000000000000e+03 3.904116508507637467e-11
1.304000000000000000e+03 3.899026090862924309e-11
1.305000000000000000e+03 3.893945092490739028e-11
1.306000000000000000e+03 3.888873491639710842e-11
1.307000000000000000e+03 3.883811263384812836e-11
1.308000000000000000e+03 3.878758379609339114e-11
1.309000000000000000e+03 3.873714808968016425e-11
1.310000000000000000e+03 3.868680516876890586e-11
1.311000000000000000e+03 3.863655465468157251e-11
1.312000000000000000e+03 3.858639613574484900e-11
1.313000000000000000e+03 3.853632916699793389e-11
1.314000000000000000e+03 3.848635326989918768e-11
1.315000000000000000e+03 3.843646793205874022e-11
1.316000000000000000e+03 3.838667260702463863e-11
1.317000000000000000e+03 3.833696671385039344e-11
1.318000000000000000e+03 3.828734963706977543e-11
1.319000000000000000e+03 3.823782072618057732e-11
1.320000000000000000e+03 3.818837929545387119e-11
1.321000000000000000e+03 3.813902462377058851e-11
1.322000000000000000e+03 3.808975595410086173e-11
1.323000000000000000e+03 3.804057249350308716e-11
1.324000000000000000e+03 3.799147360646073329e-11
1.325000000000000000e+03 3.794245940114860321e-11
1.326000000000000000e+03 3.789353015559721625e-11
1.327000000000000000e+03 3.784468612486514872e-11
1.328000000000000000e+03 3.779592754085366150e-11
1.329000000000000000e+03 3.774725461192644251e-11
1.330000000000000000e+03 3.769866752291624998e-11
1.331000000000000000e+03 3.765016643482646186e-11
1.332000000000000000e+03 3.760175148458670204e-11
1.333000000000000000e+03 3.755342278491930891e-11
1.334000000000000000e+03 3.750518042406559022e-11
1.335000000000000000e+03 3.745702446556702094e-11
1.336000000000000000e+03 3.740895494818569815e-11
1.337000000000000000e+03 3.736097188548810769e-11
1.338000000000000000e+03 3.731307526584843931e-11
1.339000000000000000e+03 3.726526505200200606e-11
1.340000000000000000e+03 3.721754118107581127e-11
1.341000000000000000e+03 3.716990356416809514e-11
1.342000000000000000e+03 3.712235208623682052e-11
1.343000000000000000e+03 3.707488660590312054e-11
1.344000000000000000e+03 3.702750695516907494e-11
1.345000000000000000e+03 3.698021293919098505e-11
1.346000000000000000e+03 3.693300433613716978e-11
1.347000000000000000e+03 3.688588089690316347e-11
1.348000000000000000e+03 3.683884234496826469e-11
1.349000000000000000e+03 3.679188837599460565e-11
1.350000000000000000e+03 3.674501865788222435e-11
1.351000000000000000e+03 3.669823283030930081e-11
1.352000000000000000e+03 3.665153050455696922e-11
1.353000000000000000e+03 3.660491126344872699e-11
1.354000000000000000e+03 3.655837466085837215e-11
1.355000000000000000e+03 3.651192022170531167e-11
1.356000000000000000e+03 3.646554744160427632e-11
1.357000000000000000e+03 3.641925578677368458e-11
1.358000000000000000e+03 3.637304469356742609e-11
1.359000000000000000e+03 3.632691356849744111e-11
1.360000000000000000e+03 3.628086178785060662e-11
1.361000000000000000e+03 3.623488869753638003e-11
1.362000000000000000e+03 3.618899361284692324e-11
1.363000000000000000e+03 3.614317598385678396e-11
1.364000000000000000e+03 3.609743589667901825e-11
1.365000000000000000e+03 3.605177358248148152e-11
1.366000000000000000e+03 3.600618925272536226e-11
1.367000000000000000e+03 3.596068309885803958e-11
1.368000000000000000e+03 3.591525529212172656e-11
1.369000000000000000e+03 3.586990598359708468e-11
1.370000000000000000e+03 3.582463530374642623e-11
1.371000000000000000e+03 3.577944336239720946e-11
1.372000000000000000e+03 3.573433024860770580e-11
1.373000000000000000e+03 3.568929603038445296e-11
1.374000000000000000e+03 3.564434075451665090e-11
1.375000000000000000e+03 3.559946444646959759e-11
1.376000000000000000e+03 3.555466711018878300e-11
1.377000000000000000e+03 3.550994872790318810e-11
1.378000000000000000e+03 3.546530925992776318e-11
1.379000000000000000e+03 3.542074864449505782e-11
1.380000000000000000e+03 3.537626679764616229e-11
1.381000000000000000e+03 3.533186361297172249e-11
1.382000000000000000e+03 3.528753896141167176e-11
1.383000000000000000e+03 3.524329269114445974e-11
1.384000000000000000e+03 3.519912462744597934e-11
1.385000000000000000e+03 3.515503457233735581e-11
1.386000000000000000e+03 3.511102230456254174e-11
1.387000000000000000e+03 3.506708757935531069e-11
1.388000000000000000e+03 3.502323012817453347e-11
1.389000000000000000e+03 3.497944965871143541e-11
1.390000000000000000e+03 3.493574585447237420e-11
1.391000000000000000e+03 3.489211837478506313e-11
1.392000000000000000e+03 3.484856685450097992e-11
1.393000000000000000e+03 3.480509090384885240e-11
1.394000000000000000e+03 3.476169010822677763e-11
1.395000000000000000e+03 3.471836402802399683e-11
1.396000000000000000e+03 3.467511219847285588e-11
1.397000000000000000e+03 3.463193412937772273e-11
1.398000000000000000e+03 3.458882930496555204e-11
1.399000000000000000e+03 3.454579718370518502e-11
1.400000000000000000e+03 3.450283719818794457e-11
1.401000000000000000e+03 3.445994875469949829e-11
1.402000000000000000e+03 3.441713137556727623e-11
1.403000000000000000e+03 3.437438512900010703e-11
1.404000000000000000e+03 3.433171020769941435e-11
1.405000000000000000e+03 3.428910678717854547e-11
1.406000000000000000e+03 3.424657502586941935e-11
1.407000000000000000e+03 3.420411506470179550e-11
1.408000000000000000e+03 3.416172702705374646e-11
1.409000000000000000e+03 3.411941101873345992e-11
1.410000000000000000e+03 3.407716712761798690e-11
1.411000000000000000e+03 3.403499542366521651e-11
1.412000000000000000e+03 3.399289595873848136e-11
1.413000000000000000e+03 3.395086876636786423e-11
1.414000000000000000e+03 3.390891386179290776e-11
1.415000000000000000e+03 3.386703124156585206e-11
1.416000000000000000e+03 3.382522088362509225e-11
1.417000000000000000e+03 3.378348274702275173e-11
1.418000000000000000e+03 3.374181677180868294e-11
1.419000000000000000e+03 3.370022287888276399e-11
1.420000000000000000e+03 3.365870096984649082e-11
1.421000000000000000e+03 3.361725092688604742e-11
1.422000000000000000e+03 3.357587261252773184e-11
1.423000000000000000e+03 3.353456586955152226e-11
1.424000000000000000e+03 3.349333052084075627e-11
1.425000000000000000e+03 3.345216636926321725e-11
1.426000000000000000e+03 3.341107319742432432e-11
1.427000000000000000e+03 3.337005076754680340e-11
1.428000000000000000e+03 3.332909882138239219e-11
1.429000000000000000e+03 3.328821707996296213e-11
1.430000000000000000e+03 3.324740524354327500e-11
1.431000000000000000e+03 3.320666299135087058e-11
1.432000000000000000e+03 3.316598998149580705e-11
1.433000000000000000e+03 3.312538585075138060e-11
1.434000000000000000e+03 3.308485021449536325e-11
1.435000000000000000e+03 3.304438266639262404e-11
1.436000000000000000e+03 3.300398277849727286e-11
1.437000000000000000e+03 3.296365010073977620e-11
1.438000000000000000e+03 3.292338416112557741e-11
1.439000000000000000e+03 3.288318446528535602e-11
1.440000000000000000e+03 3.284305049654374191e-11
1.441000000000000000e+03 3.280298183816069304e-11
1.442000000000000000e+03 3.276297854388802120e-11
1.443000000000000000e+03 3.272304077458182094e-11
1.444000000000000000e+03 3.268316867635609639e-11
1.445000000000000000e+03 3.264336238035272746e-11
1.446000000000000000e+03 3.260362200264498060e-11
1.447000000000000000e+03 3.256394764413076365e-11
1.448000000000000000e+03 3.252433939039280648e-11
1.449000000000000000e+03 3.248479731158121433e-11
1.450000000000000000e+03 3.244532146230573389e-11
1.451000000000000000e+03 3.240591188148790134e-11
1.452000000000000000e+03 3.236656859226225880e-11
1.453000000000000000e+03 3.232729160183770471e-11
1.454000000000000000e+03 3.228808090137474146e-11
1.455000000000000000e+03 3.224893646586903039e-11
1.456000000000000000e+03 3.220985825402136282e-11
1.457000000000000000e+03 3.217084620810703665e-11
1.458000000000000000e+03 3.213190025386491072e-11
1.459000000000000000e+03 3.209302030035604741e-11
1.460000000000000000e+03 3.205420623984854069e-11
1.461000000000000000e+03 3.201545794767867898e-11
1.462000000000000000e+03 3.197677528213497187e-11
1.463000000000000000e+03 3.193815808433179829e-11
1.464000000000000000e+03 3.189960617806590358e-11
1.465000000000000000e+03 3.186111936970591917e-11
1.466000000000000000e+03 3.182269744805134771e-11
1.467000000000000000e+03 3.178434018421125828e-11
1.468000000000000000e+03 3.174604733146232157e-11
1.469000000000000000e+03 3.170781862513347628e-11
1.470000000000000000e+03 3.166965378246987736e-11
1.471000000000000000e+03 3.163155250249303137e-11
1.472000000000000000e+03 3.159351446588764075e-11
1.473000000000000000e+03 3.155553933485067568e-11
1.474000000000000000e+03 3.151762675296719360e-11
1.475000000000000000e+03 3.147977634508580974e-11
1.476000000000000000e+03 3.144198771716639250e-11
1.477000000000000000e+03 3.140426045617174154e-11
1.478000000000000000e+03 3.136659412990420673e-11
1.479000000000000000e+03 3.132898828689651318e-11
1.480000000000000000e+03 3.129144256228824950e-11
1.481000000000000000e+03 3.125395699806060248e-11
1.482000000000000000e+03 3.121653172884270980e-11
1.483000000000000000e+03 3.117916687639153804e-11
1.484000000000000000e+03 3.114186254946173746e-11
1.485000000000000000e+03 3.110461884371314637e-11
1.486000000000000000e+03 3.106743584161093494e-11
1.487000000000000000e+03 3.103031361232563266e-11
1.488000000000000000e+03 3.099325221161873185e-11
1.489000000000000000e+03 3.095625168175244099e-11
1.490000000000000000e+03 3.091931205137806051e-11
1.491000000000000000e+03 3.088243333543114416e-11
1.492000000000000000e+03 3.084561553504019895e-11
1.493000000000000000e+03 3.080885863740362263e-11
1.494000000000000000e+03 3.077216261569426124e-11
1.495000000000000000e+03 3.073552742895665138e-11
1.496000000000000000e+03 3.069895302200045599e-11
1.497000000000000000e+03 3.066243932528643630e-11
1.498000000000000000e+03 3.062598625483328407e-11
1.499000000000000000e+03 3.058959371209587748e-11
1.500000000000000000e+03 3.055326158387493743e-11
1.501000000000000000e+03 3.051698974219817853e-11
1.502000000000000000e+03 3.048077804420801288e-11
1.503000000000000000e+03 3.044462633207741669e-11
1.504000000000000000e+03 3.040853443286869574e-11
1.505000000000000000e+03 3.037250215845209203e-11
1.506000000000000000e+03 3.033652930538520285e-11
1.507000000000000000e+03 3.030061565480252632e-11
1.508000000000000000e+03 3.026476097231193456e-11
1.509000000000000000e+03 3.022896500787282611e-11
1.510000000000000000e+03 3.019322749570260280e-11
1.511000000000000000e+03 3.015754815415420829e-11
1.512000000000000000e+03 3.012192668560398044e-11
1.513000000000000000e+03 3.008636277634994688e-11
1.514000000000000000e+03 3.005085609649547043e-11
1.515000000000000000e+03 3.001540629982524307e-11
1.516000000000000000e+03 2.998001302371705553e-11
1.517000000000000000e+03 2.994467588900625595e-11
1.518000000000000000e+03 2.990939449988964835e-11
1.519000000000000000e+03 2.987416853578605157e-11
1.520000000000000000e+03 2.983899802915078227e-11
1.521000000000000000e+03 2.980388309277921630e-11
1.522000000000000000e+03 2.976882382823171040e-11
1.523000000000000000e+03 2.973382032572713498e-11
1.524000000000000000e+03 2.969887266407612457e-11
1.525000000000000000e+03 2.966398091058133145e-11
1.526000000000000000e+03 2.962914512095925707e-11
1.527000000000000000e+03 2.959436533924354949e-11
1.528000000000000000e+03 2.955964159770992378e-11
1.529000000000000000e+03 2.952497391677162712e-11
1.530000000000000000e+03 2.949036230490743526e-11
1.531000000000000000e+03 2.945580675857123139e-11
1.532000000000000000e+03 2.942130726209012070e-11
1.533000000000000000e+03 2.938686378759179364e-11
1.534000000000000000e+03 2.935247629490571009e-11
1.535000000000000000e+03 2.931814473147527608e-11
1.536000000000000000e+03 2.928386903226945825e-11
1.537000000000000000e+03 2.924964911970179768e-11
1.538000000000000000e+03 2.921548490351564506e-11
1.539000000000000000e+03 2.918137628072097829e-11
1.540000000000000000e+03 2.914732313548663637e-11
1.541000000000000000e+03 2.911332533905798907e-11
1.542000000000000000e+03 2.907938274965965921e-11
1.543000000000000000e+03 2.904549521240532119e-11
1.544000000000000000e+03 2.901166255920343147e-11
1.545000000000000000e+03 2.897788460868151573e-11
1.546000000000000000e+03 2.894416116606517428e-11
1.547000000000000000e+03 2.891049202310919991e-11
1.548000000000000000e+03 2.887687695799478129e-11
1.549000000000000000e+03 2.884331573523005392e-11
1.550000000000000000e+03 2.880980810557681707e-11
1.551000000000000000e+03 2.877635380593541029e-11
1.552000000000000000e+03 2.874295255925582055e-11
1.553000000000000000e+03 2.870960407445593679e-11
1.554000000000000000e+03 2.867630804630562509e-11
1.555000000000000000e+03 2.864306415534821431e-11
1.556000000000000000e+03 2.860987206780289206e-11
1.557000000000000000e+03 2.857673143545915840e-11
1.558000000000000000e+03 2.854364197567778936e-11
1.559000000000000000e+03 2.851060371319582473e-11
1.560000000000000000e+03 2.847761674265264305e-11
1.561000000000000000e+03 2.844468114886055566e-11
1.562000000000000000e+03 2.841179700671370042e-11
1.563000000000000000e+03 2.837896438112368328e-11
1.564000000000000000e+03 2.834618332694725807e-11
1.565000000000000000e+03 2.831345388891375760e-11
1.566000000000000000e+03 2.828077610153312792e-11
1.567000000000000000e+03 2.824814998905753237e-11
1.568000000000000000e+03 2.821557556535805309e-11
1.569000000000000000e+03 2.818305283390135234e-11
1.570000000000000000e+03 2.815058178763352466e-11
1.571000000000000000e+03 2.811816240892939652e-11
1.572000000000000000e+03 2.808579466950673868e-11
1.573000000000000000e+03 2.805347853034799740e-11
1.574000000000000000e+03 2.802121394163738674e-11
1.575000000000000000e+03 2.798900084266652857e-11
1.576000000000000000e+03 2.795683916177897656e-11
1.577000000000000000e+03 2.792472881627533271e-11
1.578000000000000000e+03 2.789266971233774453e-11
1.579000000000000000e+03 2.786066174496975995e-11
1.580000000000000000e+03 2.782870479790475262e-11
1.581000000000000000e+03 2.779679874352571444e-11
1.582000000000000000e+03 2.776494344279275130e-11
1.583000000000000000e+03 2.773313874517423314e-11
1.584000000000000000e+03 2.770138448855022394e-11
1.585000000000000000e+03 2.766968049914717313e-11
1.586000000000000000e+03 2.763802659145653853e-11
1.587000000000000000e+03 2.760642256814535711e-11
1.588000000000000000e+03 2.757486821999811295e-11
1.589000000000000000e+03 2.754336332581495201e-11
1.590000000000000000e+03 2.751190765234918154e-11
1.591000000000000000e+03 2.748050095421684562e-11
1.592000000000000000e+03 2.744914297382187509e-11
1.593000000000000000e+03 2.741783344126511377e-11
1.594000000000000000e+03 2.738657207428897817e-11
1.595000000000000000e+03 2.735535857816608535e-11
1.596000000000000000e+03 2.732419264563545019e-11
1.597000000000000000e+03 2.729307402674994910e-11
1.598000000000000000e+03 2.726200273998552701e-11
1.599000000000000000e+03 2.723097886484010537e-11
1.600000000000000000e+03 2.720000247217282857e-11
1.601000000000000000e+03 2.716907362415571268e-11
1.602000000000000000e+03 2.713819237420107324e-11
1.603000000000000000e+03 2.710735876691285409e-11
1.604000000000000000e+03 2.707657283799743083e-11
1.605000000000000000e+03 2.704583461423483394e-11
1.606000000000000000e+03 2.701514411338103165e-11
1.607000000000000000e+03 2.698450134413073264e-11
1.608000000000000000e+03 2.695390630603948566e-11
1.609000000000000000e+03 2.692335898946179283e-11
1.610000000000000000e+03 2.689285937549719757e-11
1.611000000000000000e+03 2.686240743590362762e-11
1.612000000000000000e+03 2.683200313305934809e-11
1.613000000000000000e+03 2.680164641987591354e-11
1.614000000000000000e+03 2.677133723974346743e-11
1.615000000000000000e+03 2.674107552647183142e-11
1.616000000000000000e+03 2.671086120420685019e-11
1.617000000000000000e+03 2.668069418738748150e-11
1.618000000000000000e+03 2.665057438065757219e-11
1.619000000000000000e+03 2.662050167881854406e-11
1.620000000000000000e+03 2.659047596674894741e-11
1.621000000000000000e+03 2.656049711935266845e-11
1.622000000000000000e+03 2.653056500147396240e-11
1.623000000000000000e+03 2.650067946784525386e-11
1.624000000000000000e+03 2.647084036302661045e-11
1.625000000000000000e+03 2.644104752130764436e-11
1.626000000000000000e+03 2.641130076667554310e-11
1.627000000000000000e+03 2.638159991272488099e-11
1.628000000000000000e+03 2.635194476260872499e-11
1.629000000000000000e+03 2.632233510894379334e-11
1.630000000000000000e+03 2.629277073376540644e-11
1.631000000000000000e+03 2.626325140845302128e-11
1.632000000000000000e+03 2.623377689366400527e-11
1.633000000000000000e+03 2.620434693925037210e-11
1.634000000000000000e+03 2.617496128421308324e-11
1.635000000000000000e+03 2.614561965661420527e-11
1.636000000000000000e+03 2.611632183475661934e-11
1.637000000000000000e+03 2.608706783205425462e-11
1.638000000000000000e+03 2.605785771532735553e-11
1.639000000000000000e+03 2.602869154380671975e-11
1.640000000000000000e+03 2.599956936907965035e-11
1.641000000000000000e+03 2.597049123502303497e-11
1.642000000000000000e+03 2.594145717777436539e-11
1.643000000000000000e+03 2.591246722566026074e-11
1.644000000000000000e+03 2.588352139914605472e-11
1.645000000000000000e+03 2.585461971077662633e-11
1.646000000000000000e+03 2.582576216513843034e-11
1.647000000000000000e+03 2.579694875878307679e-11
1.648000000000000000e+03 2.576817948019324533e-11
1.649000000000000000e+03 2.573945430970589639e-11
1.650000000000000000e+03 2.571077321947365212e-11
1.651000000000000000e+03 2.568213617341331741e-11
1.652000000000000000e+03 2.565354312712846410e-11
1.653000000000000000e+03 2.562499402787472177e-11
1.654000000000000000e+03 2.559648881449061766e-11
1.655000000000000000e+03 2.556802741735393640e-11
1.656000000000000000e+03 2.553960975831657962e-11
1.657000000000000000e+03 2.551123575064775211e-11
1.658000000000000000e+03 2.548290529898124208e-11
1.659000000000000000e+03 2.545461829926706655e-11
1.660000000000000000e+03 2.542637463869249827e-11
1.661000000000000000e+03 2.539817419564194100e-11
1.662000000000000000e+03 2.537001683964802565e-11
1.663000000000000000e+03 2.534190243130343805e-11
1.664000000000000000e+03 2.531383082224211346e-11
1.665000000000000000e+03 2.528580185504197503e-11
1.666000000000000000e+03 2.525781536320583756e-11
1.667000000000000000e+03 2.522987117107689287e-11
1.668000000000000000e+03 2.520196909378879790e-11
1.669000000000000000e+03 2.517410893720694163e-11
1.670000000000000000e+03 2.514629049787825524e-11
1.671000000000000000e+03 2.511851356295027121e-11
1.672000000000000000e+03 2.509077791014249512e-11
1.673000000000000000e+03 2.506308330766072459e-11
1.674000000000000000e+03 2.503542951415938995e-11
1.675000000000000000e+03 2.500781633245374213e-11
1.676000000000000000e+03 2.498024377185421593e-11
1.677000000000000000e+03 2.495271188855173641e-11
1.678000000000000000e+03 2.492522073203981542e-11
1.679000000000000000e+03 2.489777034507896021e-11
1.680000000000000000e+03 2.487036076363885796e-11
1.681000000000000000e+03 2.484299201684475455e-11
1.682000000000000000e+03 2.481566412696374784e-11
1.683000000000000000e+03 2.478837710931091884e-11
1.684000000000000000e+03 2.476113097224871457e-11
1.685000000000000000e+03 2.473392571711058251e-11
1.686000000000000000e+03 2.470676133816452289e-11
1.687000000000000000e+03 2.467963782255862408e-11
1.688000000000000000e+03 2.465255515029337462e-11
1.689000000000000000e+03 2.462551329414456741e-11
1.690000000000000000e+03 2.459851221963976385e-11
1.691000000000000000e+03 2.457155188500788750e-11
1.692000000000000000e+03 2.454463224111951201e-11
1.693000000000000000e+03 2.451775323144512724e-11
1.694000000000000000e+03 2.449091479200413842e-11
1.695000000000000000e+03 2.446411685133642213e-11
1.696000000000000000e+03 2.443735933042402200e-11
1.697000000000000000e+03 2.441064214265334723e-11
1.698000000000000000e+03 2.438396519378178809e-11
1.699000000000000000e+03 2.435732838187253343e-11
1.700000000000000000e+03 2.433073159724732122e-11
1.701000000000000000e+03 2.430417472244366751e-11
1.702000000000000000e+03 2.427765763215819162e-11
1.703000000000000000e+03 2.425118019320816194e-11
1.704000000000000000e+03 2.422474226447005516e-11
1.705000000000000000e+03 2.419834369683618418e-11
1.706000000000000000e+03 2.417198433316669263e-11
1.707000000000000000e+03 2.414566400824138120e-11
1.708000000000000000e+03 2.411938254869768856e-11
1.709000000000000000e+03 2.409313977298678611e-11
1.710000000000000000e+03 2.406693549133878150e-11
1.711000000000000000e+03 2.404076950569107377e-11
1.712000000000000000e+03 2.401464160963488069e-11
1.713000000000000000e+03 2.398855158839844306e-11
1.714000000000000000e+03 2.396249926611686188e-11
1.715000000000000000e+03 2.393648464878679914e-11
1.716000000000000000e+03 2.391050778366754217e-11
1.717000000000000000e+03 2.388456871210182355e-11
1.718000000000000000e+03 2.385866746946196068e-11
1.719000000000000000e+03 2.383280408513291476e-11
1.720000000000000000e+03 2.380697858246293455e-11
1.721000000000000000e+03 2.378119097870924682e-11
1.722000000000000000e+03 2.375544128502093439e-11
1.723000000000000000e+03 2.372972950638441970e-11
1.724000000000000000e+03 2.370405564158755680e-11
1.725000000000000000e+03 2.367841968317416550e-11
1.726000000000000000e+03 2.365282161741720938e-11
1.727000000000000000e+03 2.362726142425910633e-11
1.728000000000000000e+03 2.360173907728471267e-11
1.729000000000000000e+03 2.357625454367540817e-11
1.730000000000000000e+03 2.355080778416780815e-11
1.731000000000000000e+03 2.352539875302173277e-11
1.732000000000000000e+03 2.350002739795513450e-11
1.733000000000000000e+03 2.347469366013541910e-11
1.734000000000000000e+03 2.344939747410937122e-11
1.735000000000000000e+03 2.342413876777546642e-11
1.736000000000000000e+03 2.339891746234182712e-11
1.737000000000000000e+03 2.337373347227939326e-11
1.738000000000000000e+03 2.334858670529393056e-11
1.739000000000000000e+03 2.332347706225997567e-11
1.740000000000000000e+03 2.329840443719258275e-11
1.741000000000000000e+03 2.327336871720951877e-11
1.742000000000000000e+03 2.324836978248857644e-11
1.743000000000000000e+03 2.322340750621052461e-11
1.744000000000000000e+03 2.319848175452565268e-11
1.745000000000000000e+03 2.317359238651552964e-11
1.746000000000000000e+03 2.314873925414988086e-11
1.747000000000000000e+03 2.312392220223852435e-11
1.748000000000000000e+03 2.309914106837362320e-11
1.749000000000000000e+03 2.307439568292929139e-11
1.750000000000000000e+03 2.304968586896524017e-11
1.751000000000000000e+03 2.302501144223106585e-11
1.752000000000000000e+03 2.300037221108874358e-11
1.753000000000000000e+03 2.297576801830937226e-11
1.754000000000000000e+03 2.295119886726685682e-11
1.755000000000000000e+03 2.292666479777323213e-11
1.756000000000000000e+03 2.290216584437414550e-11
1.757000000000000000e+03 2.287770203635127364e-11
1.758000000000000000e+03 2.285327339766667855e-11
1.759000000000000000e+03 2.282887994694093578e-11
1.760000000000000000e+03 2.280452169740200424e-11
1.761000000000000000e+03 2.278019865686321553e-11
1.762000000000000000e+03 2.275591082769630001e-11
1.763000000000000000e+03 2.273165820676530290e-11
1.764000000000000000e+03 2.270744078543359910e-11
1.765000000000000000e+03 2.268325854949270402e-11
1.766000000000000000e+03 2.265911147914467329e-11
1.767000000000000000e+03 2.263499954896987511e-11
1.768000000000000000e+03 2.261092272787980861e-11
1.769000000000000000e+03 2.258688097908462406e-11
1.770000000000000000e+03 2.256287426007530946e-11
1.771000000000000000e+03 2.253890252255655963e-11
1.772000000000000000e+03 2.251496571243861424e-11
1.773000000000000000e+03 2.249106376978468021e-11
1.774000000000000000e+03 2.246719662877796075e-11
1.775000000000000000e+03 2.244336421769848786e-11
1.776000000000000000e+03 2.241956645887516525e-11
1.777000000000000000e+03 2.239580326864259336e-11
1.778000000000000000e+03 2.237207455731764341e-11
1.779000000000000000e+03 2.234838022917104881e-11
1.780000000000000000e+03 2.232472018235904010e-11
1.781000000000000000e+03 2.230109430891461422e-11
1.782000000000000000e+03 2.227750249471385925e-11
1.783000000000000000e+03 2.225394461941722136e-11
1.784000000000000000e+03 2.223042055643558070e-11
1.785000000000000000e+03 2.220693017292124289e-11
1.786000000000000000e+03 2.218347332969888559e-11
1.787000000000000000e+03 2.216004988123633900e-11
1.788000000000000000e+03 2.213665967562033913e-11
1.789000000000000000e+03 2.211330255450211481e-11
1.790000000000000000e+03 2.208997835308301221e-11
1.791000000000000000e+03 2.206668690003969637e-11
1.792000000000000000e+03 2.204342805446413099e-11
1.793000000000000000e+03 2.202020181728517527e-11
1.794000000000000000e+03 2.199700822158696472e-11
1.795000000000000000e+03 2.197384729577920164e-11
1.796000000000000000e+03 2.195071906357911230e-11
1.797000000000000000e+03 2.192762354399345247e-11
1.798000000000000000e+03 2.190456075126485058e-11
1.799000000000000000e+03 2.188153069485872147e-11
1.800000000000000000e+03 2.185853337943487401e-11
1.801000000000000000e+03 2.183556880479861705e-11
1.802000000000000000e+03 2.181263696589769617e-11
1.803000000000000000e+03 2.178973785276813284e-11
1.804000000000000000e+03 2.176687145051059476e-11
1.805000000000000000e+03 2.174403773926666616e-11
1.806000000000000000e+03 2.172123669418489461e-11
1.807000000000000000e+03 2.169846828539179122e-11
1.808000000000000000e+03 2.167573247794741818e-11
1.809000000000000000e+03 2.165302923183675180e-11
1.810000000000000000e+03 2.163035850192512139e-11
1.811000000000000000e+03 2.160772023792371971e-11
1.812000000000000000e+03 2.158511438437573156e-11
1.813000000000000000e+03 2.156254088060105806e-11
1.814000000000000000e+03 2.153999966068748583e-11
1.815000000000000000e+03 2.151749065345071095e-11
1.816000000000000000e+03 2.149501378239952303e-11
1.817000000000000000e+03 2.147256896569561263e-11
1.818000000000000000e+03 2.145015611615485728e-11
1.819000000000000000e+03 2.142777514118628458e-11
1.820000000000000000e+03 2.140542594275686858e-11
1.821000000000000000e+03 2.138310841738737125e-11
1.822000000000000000e+03 2.136082245609100831e-11
1.823000000000000000e+03 2.133856794436922935e-11
1.824000000000000000e+03 2.131634476215532089e-11
1.825000000000000000e+03 2.129415278379439250e-11
1.826000000000000000e+03 2.127199187800772402e-11
1.827000000000000000e+03 2.124986190786735234e-11
1.828000000000000000e+03 2.122776273074974291e-11
1.829000000000000000e+03 2.120569419832076791e-11
1.830000000000000000e+03 2.118365615648915802e-11
1.831000000000000000e+03 2.116164847849164279e-11
1.832000000000000000e+03 2.113967116481083365e-11
1.833000000000000000e+03 2.111772424477448059e-11
1.834000000000000000e+03 2.109580774359179168e-11
1.835000000000000000e+03 2.107392168229110363e-11
1.836000000000000000e+03 2.105206607773158842e-11
1.837000000000000000e+03 2.103024094255141873e-11
1.838000000000000000e+03 2.100844628514756022e-11
1.839000000000000000e+03 2.098668210965019033e-11
1.840000000000000000e+03 2.096494841590776697e-11
1.841000000000000000e+03 2.094324519943473201e-11
1.842000000000000000e+03 2.092157245141234494e-11
1.843000000000000000e+03 2.089993015865227394e-11
1.844000000000000000e+03 2.087831830356535692e-11
1.845000000000000000e+03 2.085673686414097371e-11
1.846000000000000000e+03 2.083518581391032053e-11
1.847000000000000000e+03 2.081366512193638041e-11
1.848000000000000000e+03 2.079217475278243541e-11
1.849000000000000000e+03 2.077071466646975116e-11
1.850000000000000000e+03 2.074928481847272685e-11
1.851000000000000000e+03 2.072788515967101249e-11
1.852000000000000000e+03 2.070651563634466538e-11
1.853000000000000000e+03 2.068517619013143070e-11
1.854000000000000000e+03 2.066386675800560969e-11
1.855000000000000000e+03 2.064258727224058771e-11
1.856000000000000000e+03 2.062133766039834906e-11
1.857000000000000000e+03 2.060011784529186289e-11
1.858000000000000000e+03 2.057892774496368313e-11
1.859000000000000000e+03 2.055776727264276063e-11
1.860000000000000000e+03 2.053663633674454654e-11
1.861000000000000000e+03 2.051553484081686369e-11
1.862000000000000000e+03 2.049446268352903691e-11
1.863000000000000000e+03 2.047341975862290196e-11
1.864000000000000000e+03 2.045240595492371724e-11
1.865000000000000000e+03 2.043142115627467431e-11
1.866000000000000000e+03 2.041046524152037692e-11
1.867000000000000000e+03 2.038953808449030060e-11
1.868000000000000000e+03 2.036863955395485520e-11
1.869000000000000000e+03 2.034776951360322868e-11
1.870000000000000000e+03 2.032692785003355057e-11
1.871000000000000000e+03 2.030611455717253802e-11
1.872000000000000000e+03 2.028532965313256101e-11
1.873000000000000000e+03 2.026457315226889963e-11
1.874000000000000000e+03 2.024384506515655717e-11
1.875000000000000000e+03 2.022314539859463517e-11
1.876000000000000000e+03 2.020247415556105490e-11
1.877000000000000000e+03 2.018183133518363843e-11
1.878000000000000000e+03 2.016121693274440602e-11
1.879000000000000000e+03 2.014063093962849779e-11
1.880000000000000000e+03 2.012007334332280688e-11
1.881000000000000000e+03 2.009954412738136065e-11
1.882000000000000000e+03 2.007904327139612706e-11
1.883000000000000000e+03 2.005857075099001589e-11
1.884000000000000000e+03 2.003812653778763346e-11
1.885000000000000000e+03 2.001771059937470222e-11
1.886000000000000000e+03 1.999732289930772204e-11
1.887000000000000000e+03 1.997696339705654249e-11
1.888000000000000000e+03 1.995663204800831784e-11
1.889000000000000000e+03 1.993632880342674578e-11
1.890000000000000000e+03 1.991605361043352371e-11
1.891000000000000000e+03 1.989580641197859931e-11
1.892000000000000000e+03 1.987558714683840958e-11
1.893000000000000000e+03 1.985539574955793614e-11
1.894000000000000000e+03 1.983523215046004986e-11
1.895000000000000000e+03 1.981509627559866199e-11
1.896000000000000000e+03 1.979498804673423514e-11
1.897000000000000000e+03 1.977490738133745708e-11
1.898000000000000000e+03 1.975485419253085349e-11
1.899000000000000000e+03 1.973482838908104922e-11
1.900000000000000000e+03 1.971482987537407895e-11
1.901000000000000000e+03 1.969485855139633290e-11
1.902000000000000000e+03 1.967491431268702631e-11
1.903000000000000000e+03 1.965499705034737594e-11
1.904000000000000000e+03 1.963510665098728248e-11
1.905000000000000000e+03 1.961524299671736246e-11
1.906000000000000000e+03 1.959540596511821011e-11
1.907000000000000000e+03 1.957559542920955899e-11
1.908000000000000000e+03 1.955581125745365863e-11
1.909000000000000000e+03 1.953605334446350493e-11
1.910000000000000000e+03 1.951632170389391755e-11
1.911000000000000000e+03 1.949661637694537987e-11
1.912000000000000000e+03 1.947693740169755528e-11
1.913000000000000000e+03 1.945728481308314054e-11
1.914000000000000000e+03 1.943765864289613112e-11
1.915000000000000000e+03 1.941805891972536241e-11
1.916000000000000000e+03 1.939848566897993904e-11
1.917000000000000000e+03 1.937893891285139141e-11
1.918000000000000000e+03 1.935941867029882841e-11
1.919000000000000000e+03 1.933992495701086448e-11
1.920000000000000000e+03 1.932045778541953634e-11
1.921000000000000000e+03 1.930101716465642357e-11
1.922000000000000000e+03 1.928160310053172681e-11
1.923000000000000000e+03 1.926221559554239413e-11
1.924000000000000000e+03 1.924285464882218326e-11
1.925000000000000000e+03 1.922352025612640396e-11
1.926000000000000000e+03 1.920421240983999273e-11
1.927000000000000000e+03 1.918493109890981003e-11
1.928000000000000000e+03 1.916567630888177293e-11
1.929000000000000000e+03 1.914644802182716493e-11
1.930000000000000000e+03 1.912724621636224274e-11
1.931000000000000000e+03 1.910807086761525247e-11
1.932000000000000000e+03 1.908892194718751657e-11
1.933000000000000000e+03 1.906979942316715664e-11
1.934000000000000000e+03 1.905070326009006408e-11
1.935000000000000000e+03 1.903163341891841922e-11
1.936000000000000000e+03 1.901258985702493938e-11
1.937000000000000000e+03 1.899357252817721735e-11
1.938000000000000000e+03 1.897458138251015302e-11
1.939000000000000000e+03 1.895561636650423340e-11
1.940000000000000000e+03 1.893667742298147107e-11
1.941000000000000000e+03 1.891776449105408018e-11
1.942000000000000000e+03 1.889887750614397015e-11
1.943000000000000000e+03 1.888001639991940816e-11
1.944000000000000000e+03 1.886118110032046468e-11
1.945000000000000000e+03 1.884237153150141776e-11
1.946000000000000000e+03 1.882358761381458750e-11
1.947000000000000000e+03 1.880482926381794220e-11
1.948000000000000000e+03 1.878609639818911023e-11
1.949000000000000000e+03 1.876738894567518337e-11
1.950000000000000000e+03 1.874870683530161584e-11
1.951000000000000000e+03 1.873004999239278114e-11
1.952000000000000000e+03 1.871141833855021010e-11
1.953000000000000000e+03 1.869281179163078046e-11
1.954000000000000000e+03 1.867423026574282006e-11
1.955000000000000000e+03 1.865567367119426268e-11
1.956000000000000000e+03 1.863714191450665513e-11
1.957000000000000000e+03 1.861863489837517151e-11
1.958000000000000000e+03 1.860015252165257687e-11
1.959000000000000000e+03 1.858169467932708723e-11
1.960000000000000000e+03 1.856326126250628153e-11
1.961000000000000000e+03 1.854485215840091347e-11
1.962000000000000000e+03 1.852646725027246952e-11
1.963000000000000000e+03 1.850810641746521255e-11
1.964000000000000000e+03 1.848976953534155178e-11
1.965000000000000000e+03 1.847145647528380385e-11
1.966000000000000000e+03 1.845316710466570675e-11
1.967000000000000000e+03 1.843490128682379487e-11
1.968000000000000000e+03 1.841665888106525717e-11
1.969000000000000000e+03 1.839843974260275801e-11
1.970000000000000000e+03 1.838024372256822448e-11
1.971000000000000000e+03 1.836207066799630610e-11
1.972000000000000000e+03 1.834392042175890794e-11
1.973000000000000000e+03 1.832579282259725683e-11
1.974000000000000000e+03 1.830768770506244128e-11
1.975000000000000000e+03 1.828960489951689455e-11
1.976000000000000000e+03 1.827154423210536911e-11
1.977000000000000000e+03 1.825350552471959070e-11
1.978000000000000000e+03 1.823548859499974154e-11
1.979000000000000000e+03 1.821749325631136062e-11
1.980000000000000000e+03 1.819951931770371648e-11
1.981000000000000000e+03 1.818156658389886970e-11
1.982000000000000000e+03 1.816363485527453151e-11
1.983000000000000000e+03 1.814572392784693534e-11
1.984000000000000000e+03 1.812783359323510972e-11
1.985000000000000000e+03 1.810996363864979861e-11
1.986000000000000000e+03 1.809211384685137854e-11
1.987000000000000000e+03 1.807428432125011490e-11
1.988000000000000000e+03 1.805647646638751764e-11
1.989000000000000000e+03 1.803869202180272409e-11
1.990000000000000000e+03 1.802093273834410429e-11
1.991000000000000000e+03 1.800320037813917232e-11
1.992000000000000000e+03 1.798549671468269717e-11
1.993000000000000000e+03 1.796782353285645815e-11
1.994000000000000000e+03 1.795018262896774433e-11
1.995000000000000000e+03 1.793257581078791215e-11
1.996000000000000000e+03 1.791500489757852236e-11
1.997000000000000000e+03 1.789747172015503943e-11
1.998000000000000000e+03 1.787997812090059309e-11
1.999000000000000000e+03 1.786252595381107585e-11
2.000000000000000000e+03 1.784511708454030186e-11
