   0.00000 -1.92366e-05 
   1.00000 -1.92308e-05 
   2.00000 9.75695e-05 
   3.00000 0.000145304 
   4.00000 0.000186873 
   5.00000 0.000222845 
   6.00000 0.000253821 
   7.00000 0.000280369 
   8.00000 0.000303009 
   9.00000 0.000322172 
   10.0000 0.000338257 
   11.0000 0.000351593 
   12.0000 0.000362481 
   13.0000 0.000371160 
   14.0000 0.000377861 
   15.0000 0.000382753 
   16.0000 0.000386026 
   17.0000 0.000387820 
   18.0000 0.000388275 
   19.0000 0.000387520 
   20.0000 0.000385667 
   21.0000 0.000382825 
   22.0000 0.000379103 
   23.0000 0.000374603 
   24.0000 0.000369403 
   25.0000 0.000363614 
   26.0000 0.000357307 
   27.0000 0.000350570 
   28.0000 0.000343484 
   29.0000 0.000336129 
   30.0000 0.000328566 
   31.0000 0.000320853 
   32.0000 0.000313061 
   33.0000 0.000305241 
   34.0000 0.000297442 
   35.0000 0.000289703 
   36.0000 0.000282056 
   37.0000 0.000274540 
   38.0000 0.000267175 
   39.0000 0.000260002 
   40.0000 0.000253019 
   41.0000 0.000246237 
   42.0000 0.000239687 
   43.0000 0.000233367 
   44.0000 0.000227279 
   45.0000 0.000221421 
   46.0000 0.000215815 
   47.0000 0.000210439 
   48.0000 0.000205304 
   49.0000 0.000200401 
   50.0000 0.000195727 
   51.0000 0.000191275 
   52.0000 0.000187043 
   53.0000 0.000183022 
   54.0000 0.000179211 
   55.0000 0.000175601 
   56.0000 0.000172182 
   57.0000 0.000168953 
   58.0000 0.000165894 
   59.0000 0.000163006 
   60.0000 0.000160288 
   61.0000 0.000157721 
   62.0000 0.000155294 
   63.0000 0.000153006 
   64.0000 0.000150850 
   65.0000 0.000148813 
   66.0000 0.000146886 
   67.0000 0.000145070 
   68.0000 0.000143344 
   69.0000 0.000141697 
   70.0000 0.000140131 
   71.0000 0.000138635 
   72.0000 0.000137198 
   73.0000 0.000135802 
   74.0000 0.000134455 
   75.0000 0.000133149 
   76.0000 0.000131852 
   77.0000 0.000130585 
   78.0000 0.000129328 
   79.0000 0.000128071 
   80.0000 0.000126813 
   81.0000 0.000125556 
   82.0000 0.000124278 
   83.0000 0.000122980 
   84.0000 0.000121661 
   85.0000 0.000120312 
   86.0000 0.000118944 
   87.0000 0.000117534 
   88.0000 0.000116095 
   89.0000 0.000114625 
   90.0000 0.000113115 
   91.0000 0.000111574 
   92.0000 0.000109993 
   93.0000 0.000108382 
   94.0000 0.000106741 
   95.0000 0.000105079 
   96.0000 0.000103377 
   97.0000 0.000101664 
   98.0000 9.99215e-05 
   99.0000 9.81684e-05 
   100.000 9.64049e-05 
   101.000 9.46311e-05 
   102.000 9.28569e-05 
   103.000 9.10824e-05 
   104.000 8.93176e-05 
   105.000 8.75534e-05 
   106.000 8.58078e-05 
   107.000 8.40809e-05 
   108.000 8.23766e-05 
   109.000 8.06989e-05 
   110.000 7.90509e-05 
   111.000 7.74365e-05 
   112.000 7.58586e-05 
   113.000 7.43204e-05 
   114.000 7.28258e-05 
   115.000 7.13747e-05 
   116.000 6.99712e-05 
   117.000 6.86162e-05 
   118.000 6.73108e-05 
   119.000 6.60568e-05 
   120.000 6.48554e-05 
   121.000 6.37055e-05 
   122.000 6.26081e-05 
   123.000 6.15631e-05 
   124.000 6.05705e-05 
   125.000 5.96294e-05 
   126.000 5.87387e-05 
   127.000 5.78974e-05 
   128.000 5.71045e-05 
   129.000 5.63589e-05 
   130.000 5.56577e-05 
   131.000 5.49998e-05 
   132.000 5.43842e-05 
   133.000 5.38070e-05 
   134.000 5.32661e-05 
   135.000 5.27604e-05 
   136.000 5.22860e-05 
   137.000 5.18419e-05 
   138.000 5.14251e-05 
   139.000 5.10325e-05 
   140.000 5.06622e-05 
   141.000 5.03111e-05 
   142.000 4.99763e-05 
   143.000 4.96567e-05 
   144.000 4.93474e-05 
   145.000 4.90493e-05 
   146.000 4.87575e-05 
   147.000 4.84709e-05 
   148.000 4.81866e-05 
   149.000 4.79026e-05 
   150.000 4.76169e-05 
   151.000 4.73295e-05 
   152.000 4.70364e-05 
   153.000 4.67377e-05 
   154.000 4.64313e-05 
   155.000 4.61163e-05 
   156.000 4.57916e-05 
   157.000 4.54564e-05 
   158.000 4.51106e-05 
   159.000 4.47532e-05 
   160.000 4.43833e-05 
   161.000 4.40019e-05 
   162.000 4.36089e-05 
   163.000 4.32025e-05 
   164.000 4.27856e-05 
   165.000 4.23583e-05 
   166.000 4.19195e-05 
   167.000 4.14713e-05 
   168.000 4.10136e-05 
   169.000 4.05476e-05 
   170.000 4.00742e-05 
   171.000 3.95943e-05 
   172.000 3.91101e-05 
   173.000 3.86206e-05 
   174.000 3.81286e-05 
   175.000 3.76342e-05 
   176.000 3.71395e-05 
   177.000 3.66454e-05 
   178.000 3.61528e-05 
   179.000 3.56629e-05 
   180.000 3.51765e-05 
   181.000 3.46947e-05 
   182.000 3.42194e-05 
   183.000 3.37497e-05 
   184.000 3.32884e-05 
   185.000 3.28357e-05 
   186.000 3.23914e-05 
   187.000 3.19575e-05 
   188.000 3.15341e-05 
   189.000 3.11210e-05 
   190.000 3.07203e-05 
   191.000 3.03309e-05 
   192.000 2.99538e-05 
   193.000 2.95880e-05 
   194.000 2.92354e-05 
   195.000 2.88950e-05 
   196.000 2.85678e-05 
   197.000 2.82518e-05 
   198.000 2.79490e-05 
   199.000 2.76572e-05 
   200.000 2.73776e-05 
   201.000 2.71100e-05 
   202.000 2.68524e-05 
   203.000 2.66059e-05 
   204.000 2.63704e-05 
   205.000 2.61430e-05 
   206.000 2.59255e-05 
   207.000 2.57170e-05 
   208.000 2.55156e-05 
   209.000 2.53221e-05 
   210.000 2.51346e-05 
   211.000 2.49540e-05 
   212.000 2.47785e-05 
   213.000 2.46080e-05 
   214.000 2.44415e-05 
   215.000 2.42790e-05 
   216.000 2.41186e-05 
   217.000 2.39603e-05 
   218.000 2.38050e-05 
   219.000 2.36499e-05 
   220.000 2.34959e-05 
   221.000 2.33421e-05 
   222.000 2.31875e-05 
   223.000 2.30322e-05 
   224.000 2.28771e-05 
   225.000 2.27183e-05 
   226.000 2.25598e-05 
   227.000 2.23978e-05 
   228.000 2.22341e-05 
   229.000 2.20679e-05 
   230.000 2.18982e-05 
   231.000 2.17268e-05 
   232.000 2.15521e-05 
   233.000 2.13740e-05 
   234.000 2.11934e-05 
   235.000 2.10095e-05 
   236.000 2.08232e-05 
   237.000 2.06336e-05 
   238.000 2.04417e-05 
   239.000 2.02474e-05 
   240.000 2.00508e-05 
   241.000 1.98520e-05 
   242.000 1.96519e-05 
   243.000 1.94495e-05 
   244.000 1.92449e-05 
   245.000 1.90400e-05 
   246.000 1.88338e-05 
   247.000 1.86273e-05 
   248.000 1.84204e-05 
   249.000 1.82133e-05 
   250.000 1.80059e-05 
   251.000 1.77999e-05 
   252.000 1.75929e-05 
   253.000 1.73882e-05 
   254.000 1.71832e-05 
   255.000 1.69815e-05 
   256.000 1.67796e-05 
   257.000 1.65801e-05 
   258.000 1.63820e-05 
   259.000 1.61863e-05 
   260.000 1.59930e-05 
   261.000 1.58020e-05 
   262.000 1.56133e-05 
   263.000 1.54269e-05 
   264.000 1.52437e-05 
   265.000 1.50619e-05 
   266.000 1.48841e-05 
   267.000 1.47085e-05 
   268.000 1.45351e-05 
   269.000 1.43656e-05 
   270.000 1.41974e-05 
   271.000 1.40331e-05 
   272.000 1.38701e-05 
   273.000 1.37109e-05 
   274.000 1.35530e-05 
   275.000 1.33980e-05 
   276.000 1.32458e-05 
   277.000 1.30949e-05 
   278.000 1.29461e-05 
   279.000 1.27992e-05 
   280.000 1.26544e-05 
   281.000 1.25116e-05 
   282.000 1.23692e-05 
   283.000 1.22295e-05 
   284.000 1.20895e-05 
   285.000 1.19521e-05 
   286.000 1.18152e-05 
   287.000 1.16787e-05 
   288.000 1.15433e-05 
   289.000 1.14091e-05 
   290.000 1.12746e-05 
   291.000 1.11413e-05 
   292.000 1.10077e-05 
   293.000 1.08752e-05 
   294.000 1.07418e-05 
   295.000 1.06095e-05 
   296.000 1.04763e-05 
   297.000 1.03436e-05 
   298.000 1.02107e-05 
   299.000 1.00777e-05 
   300.000 9.94518e-06 
   301.000 9.81189e-06 
   302.000 9.67851e-06 
   303.000 9.54506e-06 
   304.000 9.41093e-06 
   305.000 9.27745e-06 
   306.000 9.14333e-06 
   307.000 9.00927e-06 
   308.000 8.87465e-06 
   309.000 8.74077e-06 
   310.000 8.60640e-06 
   311.000 8.47220e-06 
   312.000 8.33759e-06 
   313.000 8.20381e-06 
   314.000 8.06970e-06 
   315.000 7.93587e-06 
   316.000 7.80236e-06 
   317.000 7.66977e-06 
   318.000 7.53698e-06 
   319.000 7.40459e-06 
   320.000 7.27319e-06 
   321.000 7.14223e-06 
   322.000 7.01176e-06 
   323.000 6.88179e-06 
   324.000 6.75288e-06 
   325.000 6.62505e-06 
   326.000 6.49779e-06 
   327.000 6.37112e-06 
   328.000 6.24609e-06 
   329.000 6.12169e-06 
   330.000 5.99793e-06 
   331.000 5.87584e-06 
   332.000 5.75443e-06 
   333.000 5.63468e-06 
   334.000 5.51564e-06 
   335.000 5.39781e-06 
   336.000 5.28119e-06 
   337.000 5.16624e-06 
   338.000 5.05205e-06 
   339.000 4.93910e-06 
   340.000 4.82738e-06 
   341.000 4.71734e-06 
   342.000 4.60812e-06 
   343.000 4.50057e-06 
   344.000 4.39386e-06 
   345.000 4.28882e-06 
   346.000 4.18504e-06 
   347.000 4.08214e-06 
   348.000 3.98091e-06 
   349.000 3.88095e-06 
   350.000 3.78191e-06 
   351.000 3.68452e-06 
   352.000 3.58806e-06 
   353.000 3.49291e-06 
   354.000 3.39906e-06 
   355.000 3.30652e-06 
   356.000 3.21530e-06 
   357.000 3.12506e-06 
   358.000 3.03614e-06 
   359.000 2.94856e-06 
   360.000 2.86199e-06 
   361.000 2.77677e-06 
   362.000 2.69260e-06 
   363.000 2.60977e-06 
   364.000 2.52802e-06 
   365.000 2.44763e-06 
   366.000 2.36834e-06 
   367.000 2.29014e-06 
   368.000 2.21333e-06 
   369.000 2.13764e-06 
   370.000 2.06309e-06 
   371.000 1.98993e-06 
   372.000 1.91769e-06 
   373.000 1.84685e-06 
   374.000 1.77718e-06 
   375.000 1.70891e-06 
   376.000 1.64162e-06 
   377.000 1.57573e-06 
   378.000 1.51104e-06 
   379.000 1.44756e-06 
   380.000 1.38528e-06 
   381.000 1.32423e-06 
   382.000 1.26458e-06 
   383.000 1.20597e-06 
   384.000 1.14876e-06 
   385.000 1.09277e-06 
   386.000 1.03801e-06 
   387.000 9.84470e-07 
   388.000 9.32155e-07 
   389.000 8.81215e-07 
   390.000 8.31341e-07 
   391.000 7.82830e-07 
   392.000 7.35527e-07 
   393.000 6.89428e-07 
   394.000 6.44660e-07 
   395.000 6.01079e-07 
   396.000 5.58678e-07 
   397.000 5.17452e-07 
   398.000 4.77508e-07 
   399.000 4.38716e-07 
   400.000 4.01067e-07 
   401.000 3.64552e-07 
   402.000 3.29262e-07 
   403.000 2.95080e-07 
   404.000 2.62087e-07 
   405.000 2.30173e-07 
   406.000 1.99325e-07 
   407.000 1.69532e-07 
   408.000 1.40861e-07 
   409.000 1.13211e-07 
   410.000 8.66455e-08 
   411.000 6.10676e-08 
   412.000 3.65331e-08 
   413.000 1.28845e-08 
   414.000 -9.75614e-09 
   415.000 -3.14123e-08 
   416.000 -5.21671e-08 
   417.000 -7.20364e-08 
   418.000 -9.09818e-08 
   419.000 -1.09079e-07 
   420.000 -1.26346e-07 
   421.000 -1.42751e-07 
   422.000 -1.58363e-07 
   423.000 -1.73200e-07 
   424.000 -1.87237e-07 
   425.000 -2.00538e-07 
   426.000 -2.13121e-07 
   427.000 -2.24965e-07 
   428.000 -2.36130e-07 
   429.000 -2.46634e-07 
   430.000 -2.56461e-07 
   431.000 -2.65665e-07 
   432.000 -2.74263e-07 
   433.000 -2.82274e-07 
   434.000 -2.89715e-07 
   435.000 -2.96578e-07 
   436.000 -3.02908e-07 
   437.000 -3.08700e-07 
   438.000 -3.14018e-07 
   439.000 -3.18834e-07 
   440.000 -3.23188e-07 
   441.000 -3.27097e-07 
   442.000 -3.30576e-07 
   443.000 -3.33642e-07 
   444.000 -3.36296e-07 
   445.000 -3.38571e-07 
   446.000 -3.40481e-07 
   447.000 -3.42042e-07 
   448.000 -3.43270e-07 
   449.000 -3.44167e-07 
   450.000 -3.44771e-07 
   451.000 -3.45074e-07 
   452.000 -3.45102e-07 
   453.000 -3.44867e-07 
   454.000 -3.44383e-07 
   455.000 -3.43655e-07 
   456.000 -3.42712e-07 
   457.000 -3.41550e-07 
   458.000 -3.40195e-07 
   459.000 -3.38646e-07 
   460.000 -3.36920e-07 
   461.000 -3.35024e-07 
   462.000 -3.32978e-07 
   463.000 -3.30782e-07 
   464.000 -3.28455e-07 
   465.000 -3.25999e-07 
   466.000 -3.23425e-07 
   467.000 -3.20744e-07 
   468.000 -3.17963e-07 
   469.000 -3.15091e-07 
   470.000 -3.12135e-07 
   471.000 -3.09102e-07 
   472.000 -3.06001e-07 
   473.000 -3.02837e-07 
   474.000 -2.99617e-07 
   475.000 -2.96347e-07 
   476.000 -2.93035e-07 
   477.000 -2.89684e-07 
   478.000 -2.86300e-07 
   479.000 -2.82889e-07 
   480.000 -2.79456e-07 
   481.000 -2.76004e-07 
   482.000 -2.72538e-07 
   483.000 -2.69062e-07 
   484.000 -2.65580e-07 
   485.000 -2.62096e-07 
   486.000 -2.58613e-07 
   487.000 -2.55133e-07 
   488.000 -2.51661e-07 
   489.000 -2.48198e-07 
   490.000 -2.44747e-07 
   491.000 -2.41311e-07 
   492.000 -2.37892e-07 
   493.000 -2.34491e-07 
   494.000 -2.31111e-07 
   495.000 -2.27753e-07 
   496.000 -2.24419e-07 
   497.000 -2.21111e-07 
   498.000 -2.17828e-07 
   499.000 -2.14574e-07 
   500.000 -2.11348e-07 
