# l,Cl_gg,Cl_gG,Cl_GG
0.000000e+00,0.000000e+00,0.000000e+00,0.000000e+00
1.000000e+00,0.000000e+00,0.000000e+00,0.000000e+00
2.000000e+00,2.507900e-05,2.104700e-08,1.167900e-08
3.000000e+00,3.540900e-05,2.246600e-08,1.645100e-08
4.000000e+00,4.445900e-05,2.275000e-08,2.060600e-08
5.000000e+00,5.234000e-05,2.240300e-08,2.420100e-08
6.000000e+00,5.917000e-05,2.174200e-08,2.729600e-08
7.000000e+00,6.506500e-05,2.090800e-08,2.994800e-08
8.000000e+00,7.012900e-05,1.999700e-08,3.220900e-08
9.000000e+00,7.445300e-05,1.905200e-08,3.412200e-08
1.000000e+01,7.811900e-05,1.811400e-08,3.572700e-08
1.100000e+01,8.119500e-05,1.719800e-08,3.705700e-08
1.200000e+01,8.374200e-05,1.631500e-08,3.814200e-08
1.300000e+01,8.581400e-05,1.547600e-08,3.900600e-08
1.400000e+01,8.745500e-05,1.468100e-08,3.967200e-08
1.500000e+01,8.870700e-05,1.393100e-08,4.015700e-08
1.600000e+01,8.960400e-05,1.322700e-08,4.048000e-08
1.700000e+01,9.018000e-05,1.256900e-08,4.065500e-08
1.800000e+01,9.046200e-05,1.195400e-08,4.069600e-08
1.900000e+01,9.047800e-05,1.137800e-08,4.061600e-08
2.000000e+01,9.025100e-05,1.084200e-08,4.042600e-08
2.100000e+01,8.980400e-05,1.034200e-08,4.013700e-08
2.200000e+01,8.915900e-05,9.875700e-09,3.976000e-08
2.300000e+01,8.833600e-05,9.440500e-09,3.930500e-08
2.400000e+01,8.735400e-05,9.034600e-09,3.878000e-08
2.500000e+01,8.623200e-05,8.655800e-09,3.819600e-08
2.600000e+01,8.498800e-05,8.301900e-09,3.756000e-08
2.700000e+01,8.363900e-05,7.970700e-09,3.688100e-08
2.800000e+01,8.220100e-05,7.660700e-09,3.616700e-08
2.900000e+01,8.069000e-05,7.370200e-09,3.542600e-08
3.000000e+01,7.912100e-05,7.097800e-09,3.466400e-08
3.100000e+01,7.750700e-05,6.841700e-09,3.388700e-08
3.200000e+01,7.586100e-05,6.600800e-09,3.310200e-08
3.300000e+01,7.419500e-05,6.373800e-09,3.231400e-08
3.400000e+01,7.251900e-05,6.159800e-09,3.152800e-08
3.500000e+01,7.084300e-05,5.957600e-09,3.074800e-08
3.600000e+01,6.917700e-05,5.766200e-09,2.997700e-08
3.700000e+01,6.752600e-05,5.584900e-09,2.921900e-08
3.800000e+01,6.589900e-05,5.412900e-09,2.847600e-08
3.900000e+01,6.430100e-05,5.249500e-09,2.775200e-08
4.000000e+01,6.273600e-05,5.094000e-09,2.704700e-08
4.100000e+01,6.120900e-05,4.946000e-09,2.636200e-08
4.200000e+01,5.972200e-05,4.804700e-09,2.570000e-08
4.300000e+01,5.828000e-05,4.669800e-09,2.506100e-08
4.400000e+01,5.688200e-05,4.540800e-09,2.444500e-08
4.500000e+01,5.553200e-05,4.417400e-09,2.385200e-08
4.600000e+01,5.422900e-05,4.299100e-09,2.328400e-08
4.700000e+01,5.297400e-05,4.185600e-09,2.273900e-08
4.800000e+01,5.176800e-05,4.076700e-09,2.221800e-08
4.900000e+01,5.061000e-05,3.972000e-09,2.172000e-08
5.000000e+01,4.950000e-05,3.871300e-09,2.124500e-08
5.100000e+01,4.843800e-05,3.774300e-09,2.079200e-08
5.200000e+01,4.742200e-05,3.681000e-09,2.036100e-08
5.300000e+01,4.645100e-05,3.591000e-09,1.995100e-08
5.400000e+01,4.552600e-05,3.504200e-09,1.956200e-08
5.500000e+01,4.464400e-05,3.420400e-09,1.919300e-08
5.600000e+01,4.380400e-05,3.339500e-09,1.884300e-08
5.700000e+01,4.300500e-05,3.261400e-09,1.851200e-08
5.800000e+01,4.224500e-05,3.185800e-09,1.819800e-08
5.900000e+01,4.152400e-05,3.112800e-09,1.790100e-08
6.000000e+01,4.084000e-05,3.042200e-09,1.762100e-08
6.100000e+01,4.019000e-05,2.973900e-09,1.735600e-08
6.200000e+01,3.957500e-05,2.907800e-09,1.710500e-08
6.300000e+01,3.899100e-05,2.843800e-09,1.686800e-08
6.400000e+01,3.843800e-05,2.781800e-09,1.664400e-08
6.500000e+01,3.791300e-05,2.721800e-09,1.643200e-08
6.600000e+01,3.741600e-05,2.663600e-09,1.623100e-08
6.700000e+01,3.694400e-05,2.607300e-09,1.604100e-08
6.800000e+01,3.649600e-05,2.552800e-09,1.586000e-08
6.900000e+01,3.607000e-05,2.499900e-09,1.568700e-08
7.000000e+01,3.566400e-05,2.448700e-09,1.552200e-08
7.100000e+01,3.527700e-05,2.399100e-09,1.536400e-08
7.200000e+01,3.490700e-05,2.350900e-09,1.521200e-08
7.300000e+01,3.455200e-05,2.304300e-09,1.506400e-08
7.400000e+01,3.421000e-05,2.259100e-09,1.492100e-08
7.500000e+01,3.388000e-05,2.215300e-09,1.478200e-08
7.600000e+01,3.356000e-05,2.172800e-09,1.464400e-08
7.700000e+01,3.324800e-05,2.131600e-09,1.450900e-08
7.800000e+01,3.294400e-05,2.091600e-09,1.437500e-08
7.900000e+01,3.264500e-05,2.052900e-09,1.424100e-08
8.000000e+01,3.235000e-05,2.015300e-09,1.410700e-08
8.100000e+01,3.205700e-05,1.978900e-09,1.397300e-08
8.200000e+01,3.176600e-05,1.943600e-09,1.383700e-08
8.300000e+01,3.147500e-05,1.909300e-09,1.369900e-08
8.400000e+01,3.118300e-05,1.876100e-09,1.355900e-08
8.500000e+01,3.088800e-05,1.843800e-09,1.341600e-08
8.600000e+01,3.059100e-05,1.812500e-09,1.327100e-08
8.700000e+01,3.029000e-05,1.782100e-09,1.312200e-08
8.800000e+01,2.998400e-05,1.752600e-09,1.297000e-08
8.900000e+01,2.967300e-05,1.724000e-09,1.281500e-08
9.000000e+01,2.935700e-05,1.696200e-09,1.265600e-08
9.100000e+01,2.903400e-05,1.669200e-09,1.249400e-08
9.200000e+01,2.870600e-05,1.642900e-09,1.232800e-08
9.300000e+01,2.837100e-05,1.617400e-09,1.215900e-08
9.400000e+01,2.802900e-05,1.592600e-09,1.198700e-08
9.500000e+01,2.768100e-05,1.568500e-09,1.181300e-08
9.600000e+01,2.732700e-05,1.545100e-09,1.163500e-08
9.700000e+01,2.696700e-05,1.522300e-09,1.145600e-08
9.800000e+01,2.660100e-05,1.500100e-09,1.127400e-08
9.900000e+01,2.623000e-05,1.478500e-09,1.109100e-08
1.000000e+02,2.585400e-05,1.457500e-09,1.090700e-08
1.010000e+02,2.547500e-05,1.437000e-09,1.072200e-08
1.020000e+02,2.509200e-05,1.417000e-09,1.053700e-08
1.030000e+02,2.470600e-05,1.397600e-09,1.035200e-08
1.040000e+02,2.431800e-05,1.378600e-09,1.016800e-08
1.050000e+02,2.392900e-05,1.360100e-09,9.984100e-09
1.060000e+02,2.354000e-05,1.342000e-09,9.802100e-09
1.070000e+02,2.315100e-05,1.324400e-09,9.622000e-09
1.080000e+02,2.276300e-05,1.307200e-09,9.444200e-09
1.090000e+02,2.237700e-05,1.290400e-09,9.269100e-09
1.100000e+02,2.199400e-05,1.274000e-09,9.097000e-09
1.110000e+02,2.161400e-05,1.257900e-09,8.928300e-09
1.120000e+02,2.123900e-05,1.242300e-09,8.763300e-09
1.130000e+02,2.086800e-05,1.226900e-09,8.602300e-09
1.140000e+02,2.050400e-05,1.211900e-09,8.445700e-09
1.150000e+02,2.014500e-05,1.197200e-09,8.293500e-09
1.160000e+02,1.979400e-05,1.182800e-09,8.146100e-09
1.170000e+02,1.945100e-05,1.168800e-09,8.003600e-09
1.180000e+02,1.911500e-05,1.155000e-09,7.866100e-09
1.190000e+02,1.878800e-05,1.141500e-09,7.733800e-09
1.200000e+02,1.847000e-05,1.128200e-09,7.606800e-09
1.210000e+02,1.816100e-05,1.115300e-09,7.485000e-09
1.220000e+02,1.786200e-05,1.102600e-09,7.368500e-09
1.230000e+02,1.757300e-05,1.090100e-09,7.257300e-09
1.240000e+02,1.729400e-05,1.077900e-09,7.151400e-09
1.250000e+02,1.702500e-05,1.065900e-09,7.050700e-09
1.260000e+02,1.676600e-05,1.054100e-09,6.955100e-09
1.270000e+02,1.651800e-05,1.042500e-09,6.864500e-09
1.280000e+02,1.628000e-05,1.031200e-09,6.778800e-09
1.290000e+02,1.605200e-05,1.020100e-09,6.697900e-09
1.300000e+02,1.583500e-05,1.009200e-09,6.621500e-09
1.310000e+02,1.562800e-05,9.984600e-10,6.549500e-09
1.320000e+02,1.543000e-05,9.879400e-10,6.481800e-09
1.330000e+02,1.524200e-05,9.776100e-10,6.418000e-09
1.340000e+02,1.506400e-05,9.674600e-10,6.357900e-09
1.350000e+02,1.489400e-05,9.574900e-10,6.301400e-09
1.360000e+02,1.473300e-05,9.477000e-10,6.248100e-09
1.370000e+02,1.458000e-05,9.380800e-10,6.197900e-09
1.380000e+02,1.443600e-05,9.286300e-10,6.150500e-09
1.390000e+02,1.429900e-05,9.193500e-10,6.105600e-09
1.400000e+02,1.416900e-05,9.102300e-10,6.063000e-09
1.410000e+02,1.404600e-05,9.012700e-10,6.022400e-09
1.420000e+02,1.392900e-05,8.924700e-10,5.983500e-09
1.430000e+02,1.381800e-05,8.838200e-10,5.946200e-09
1.440000e+02,1.371200e-05,8.753200e-10,5.910000e-09
1.450000e+02,1.361100e-05,8.669600e-10,5.875000e-09
1.460000e+02,1.351500e-05,8.587500e-10,5.840700e-09
1.470000e+02,1.342200e-05,8.506800e-10,5.807000e-09
1.480000e+02,1.333300e-05,8.427400e-10,5.773600e-09
1.490000e+02,1.324600e-05,8.349500e-10,5.740300e-09
1.500000e+02,1.316300e-05,8.272800e-10,5.706900e-09
1.510000e+02,1.308200e-05,8.197500e-10,5.673400e-09
1.520000e+02,1.300200e-05,8.123400e-10,5.639400e-09
1.530000e+02,1.292400e-05,8.050600e-10,5.604900e-09
1.540000e+02,1.284600e-05,7.979000e-10,5.569700e-09
1.550000e+02,1.276900e-05,7.908600e-10,5.533700e-09
1.560000e+02,1.269300e-05,7.839400e-10,5.496800e-09
1.570000e+02,1.261600e-05,7.771300e-10,5.458900e-09
1.580000e+02,1.253900e-05,7.704300e-10,5.420000e-09
1.590000e+02,1.246100e-05,7.638500e-10,5.380000e-09
1.600000e+02,1.238300e-05,7.573700e-10,5.338800e-09
1.610000e+02,1.230300e-05,7.510000e-10,5.296500e-09
1.620000e+02,1.222200e-05,7.447300e-10,5.253100e-09
1.630000e+02,1.214000e-05,7.385700e-10,5.208400e-09
1.640000e+02,1.205600e-05,7.325000e-10,5.162700e-09
1.650000e+02,1.197000e-05,7.265300e-10,5.116000e-09
1.660000e+02,1.188300e-05,7.206500e-10,5.068200e-09
1.670000e+02,1.179300e-05,7.148700e-10,5.019500e-09
1.680000e+02,1.170200e-05,7.091700e-10,4.969900e-09
1.690000e+02,1.161000e-05,7.035600e-10,4.919500e-09
1.700000e+02,1.151500e-05,6.980400e-10,4.868400e-09
1.710000e+02,1.141800e-05,6.926100e-10,4.816700e-09
1.720000e+02,1.132100e-05,6.872500e-10,4.764600e-09
1.730000e+02,1.122100e-05,6.819800e-10,4.712000e-09
1.740000e+02,1.111900e-05,6.767900e-10,4.659200e-09
1.750000e+02,1.101700e-05,6.716700e-10,4.606200e-09
1.760000e+02,1.091300e-05,6.666300e-10,4.553200e-09
1.770000e+02,1.080800e-05,6.616600e-10,4.500300e-09
1.780000e+02,1.070200e-05,6.567600e-10,4.447600e-09
1.790000e+02,1.059600e-05,6.519400e-10,4.395200e-09
1.800000e+02,1.048800e-05,6.471800e-10,4.343200e-09
1.810000e+02,1.038100e-05,6.424900e-10,4.291700e-09
1.820000e+02,1.027200e-05,6.378600e-10,4.240900e-09
1.830000e+02,1.016400e-05,6.333000e-10,4.190700e-09
1.840000e+02,1.005700e-05,6.288000e-10,4.141400e-09
1.850000e+02,9.948600e-06,6.243700e-10,4.093000e-09
1.860000e+02,9.841300e-06,6.199900e-10,4.045500e-09
1.870000e+02,9.735100e-06,6.156700e-10,3.999100e-09
1.880000e+02,9.629100e-06,6.114100e-10,3.953800e-09
1.890000e+02,9.524500e-06,6.072000e-10,3.909600e-09
1.900000e+02,9.421200e-06,6.030500e-10,3.866700e-09
1.910000e+02,9.318800e-06,5.989500e-10,3.825000e-09
1.920000e+02,9.218300e-06,5.949100e-10,3.784600e-09
1.930000e+02,9.119100e-06,5.909200e-10,3.745400e-09
1.940000e+02,9.021700e-06,5.869700e-10,3.707600e-09
1.950000e+02,8.926400e-06,5.830800e-10,3.671100e-09
1.960000e+02,8.832700e-06,5.792400e-10,3.636000e-09
1.970000e+02,8.741300e-06,5.754400e-10,3.602100e-09
1.980000e+02,8.651900e-06,5.716900e-10,3.569600e-09
1.990000e+02,8.564700e-06,5.679900e-10,3.538300e-09
2.000000e+02,8.479800e-06,5.643300e-10,3.508300e-09
2.010000e+02,8.397100e-06,5.607200e-10,3.479600e-09
2.020000e+02,8.316800e-06,5.571500e-10,3.452000e-09
2.030000e+02,8.238900e-06,5.536200e-10,3.425600e-09
2.040000e+02,8.163300e-06,5.501400e-10,3.400400e-09
2.050000e+02,8.090000e-06,5.466900e-10,3.376100e-09
2.060000e+02,8.019200e-06,5.432900e-10,3.352900e-09
2.070000e+02,7.950500e-06,5.399300e-10,3.330700e-09
2.080000e+02,7.884300e-06,5.366000e-10,3.309300e-09
2.090000e+02,7.820200e-06,5.333200e-10,3.288800e-09
2.100000e+02,7.758300e-06,5.300700e-10,3.269000e-09
2.110000e+02,7.698700e-06,5.268600e-10,3.250000e-09
2.120000e+02,7.640800e-06,5.236900e-10,3.231600e-09
2.130000e+02,7.585300e-06,5.205600e-10,3.213800e-09
2.140000e+02,7.531200e-06,5.174500e-10,3.196500e-09
2.150000e+02,7.479600e-06,5.143900e-10,3.179700e-09
2.160000e+02,7.429100e-06,5.113600e-10,3.163200e-09
2.170000e+02,7.380700e-06,5.083700e-10,3.147000e-09
2.180000e+02,7.333600e-06,5.054000e-10,3.131200e-09
2.190000e+02,7.288000e-06,5.024700e-10,3.115500e-09
2.200000e+02,7.243800e-06,4.995800e-10,3.100000e-09
2.210000e+02,7.200700e-06,4.967100e-10,3.084600e-09
2.220000e+02,7.159000e-06,4.938800e-10,3.069200e-09
2.230000e+02,7.117900e-06,4.910800e-10,3.053800e-09
2.240000e+02,7.078300e-06,4.883100e-10,3.038500e-09
2.250000e+02,7.039000e-06,4.855700e-10,3.022900e-09
2.260000e+02,7.000900e-06,4.828600e-10,3.007400e-09
2.270000e+02,6.963000e-06,4.801800e-10,2.991600e-09
2.280000e+02,6.926100e-06,4.775300e-10,2.975700e-09
2.290000e+02,6.889300e-06,4.749100e-10,2.959600e-09
2.300000e+02,6.853300e-06,4.723200e-10,2.943200e-09
2.310000e+02,6.817200e-06,4.697500e-10,2.926700e-09
2.320000e+02,6.781600e-06,4.672100e-10,2.909900e-09
2.330000e+02,6.746000e-06,4.647000e-10,2.892800e-09
2.340000e+02,6.710600e-06,4.622200e-10,2.875500e-09
2.350000e+02,6.675200e-06,4.597600e-10,2.857900e-09
2.360000e+02,6.639900e-06,4.573300e-10,2.840100e-09
2.370000e+02,6.604300e-06,4.549200e-10,2.822000e-09
2.380000e+02,6.568800e-06,4.525400e-10,2.803700e-09
2.390000e+02,6.533100e-06,4.501800e-10,2.785200e-09
2.400000e+02,6.497200e-06,4.478400e-10,2.766500e-09
2.410000e+02,6.461100e-06,4.455400e-10,2.747600e-09
2.420000e+02,6.424800e-06,4.432500e-10,2.728600e-09
2.430000e+02,6.388300e-06,4.409900e-10,2.709400e-09
2.440000e+02,6.351500e-06,4.387500e-10,2.690000e-09
2.450000e+02,6.314600e-06,4.365300e-10,2.670600e-09
2.460000e+02,6.277200e-06,4.343300e-10,2.651100e-09
2.470000e+02,6.239800e-06,4.321600e-10,2.631600e-09
2.480000e+02,6.201900e-06,4.300100e-10,2.612100e-09
2.490000e+02,6.164000e-06,4.278800e-10,2.592600e-09
2.500000e+02,6.125600e-06,4.257700e-10,2.573100e-09
2.510000e+02,6.087400e-06,4.236800e-10,2.553800e-09
2.520000e+02,6.048600e-06,4.216100e-10,2.534400e-09
2.530000e+02,6.010000e-06,4.195600e-10,2.515300e-09
2.540000e+02,5.971000e-06,4.175300e-10,2.496200e-09
2.550000e+02,5.932200e-06,4.155200e-10,2.477500e-09
2.560000e+02,5.893000e-06,4.135300e-10,2.458800e-09
2.570000e+02,5.854000e-06,4.115500e-10,2.440400e-09
2.580000e+02,5.814900e-06,4.096000e-10,2.422200e-09
2.590000e+02,5.775900e-06,4.076600e-10,2.404300e-09
2.600000e+02,5.737000e-06,4.057400e-10,2.386700e-09
2.610000e+02,5.698000e-06,4.038400e-10,2.369400e-09
2.620000e+02,5.659500e-06,4.019600e-10,2.352400e-09
2.630000e+02,5.620700e-06,4.000900e-10,2.335700e-09
2.640000e+02,5.582600e-06,3.982400e-10,2.319400e-09
2.650000e+02,5.544300e-06,3.964100e-10,2.303300e-09
2.660000e+02,5.506600e-06,3.945900e-10,2.287700e-09
2.670000e+02,5.469000e-06,3.927900e-10,2.272400e-09
2.680000e+02,5.431900e-06,3.910100e-10,2.257400e-09
2.690000e+02,5.395100e-06,3.892400e-10,2.242900e-09
2.700000e+02,5.358600e-06,3.874900e-10,2.228600e-09
2.710000e+02,5.322800e-06,3.857500e-10,2.214800e-09
2.720000e+02,5.287100e-06,3.840300e-10,2.201200e-09
2.730000e+02,5.252100e-06,3.823200e-10,2.188100e-09
2.740000e+02,5.217500e-06,3.806300e-10,2.175200e-09
2.750000e+02,5.183400e-06,3.789500e-10,2.162700e-09
2.760000e+02,5.149900e-06,3.772800e-10,2.150600e-09
2.770000e+02,5.116800e-06,3.756300e-10,2.138700e-09
2.780000e+02,5.084300e-06,3.740000e-10,2.127100e-09
2.790000e+02,5.052400e-06,3.723700e-10,2.115800e-09
2.800000e+02,5.020900e-06,3.707700e-10,2.104800e-09
2.810000e+02,4.990200e-06,3.691700e-10,2.094100e-09
2.820000e+02,4.959800e-06,3.675900e-10,2.083500e-09
2.830000e+02,4.930100e-06,3.660200e-10,2.073300e-09
2.840000e+02,4.901000e-06,3.644600e-10,2.063100e-09
2.850000e+02,4.872300e-06,3.629200e-10,2.053300e-09
2.860000e+02,4.844300e-06,3.613900e-10,2.043600e-09
2.870000e+02,4.816700e-06,3.598700e-10,2.034000e-09
2.880000e+02,4.789700e-06,3.583700e-10,2.024600e-09
2.890000e+02,4.763200e-06,3.568700e-10,2.015400e-09
2.900000e+02,4.737100e-06,3.553900e-10,2.006200e-09
2.910000e+02,4.711700e-06,3.539200e-10,1.997200e-09
2.920000e+02,4.686500e-06,3.524600e-10,1.988200e-09
2.930000e+02,4.662100e-06,3.510200e-10,1.979400e-09
2.940000e+02,4.637900e-06,3.495800e-10,1.970500e-09
2.950000e+02,4.614100e-06,3.481600e-10,1.961800e-09
2.960000e+02,4.590900e-06,3.467500e-10,1.953000e-09
2.970000e+02,4.567800e-06,3.453400e-10,1.944300e-09
2.980000e+02,4.545400e-06,3.439500e-10,1.935600e-09
2.990000e+02,4.523100e-06,3.425700e-10,1.926900e-09
3.000000e+02,4.501100e-06,3.412100e-10,1.918300e-09
3.010000e+02,4.479600e-06,3.398500e-10,1.909600e-09
3.020000e+02,4.458200e-06,3.385000e-10,1.900900e-09
3.030000e+02,4.437300e-06,3.371600e-10,1.892200e-09
3.040000e+02,4.416400e-06,3.358400e-10,1.883400e-09
3.050000e+02,4.395800e-06,3.345200e-10,1.874700e-09
3.060000e+02,4.375600e-06,3.332100e-10,1.865900e-09
3.070000e+02,4.355400e-06,3.319200e-10,1.857100e-09
3.080000e+02,4.335500e-06,3.306300e-10,1.848200e-09
3.090000e+02,4.315700e-06,3.293500e-10,1.839400e-09
3.100000e+02,4.296000e-06,3.280800e-10,1.830500e-09
3.110000e+02,4.276600e-06,3.268300e-10,1.821600e-09
3.120000e+02,4.257200e-06,3.255800e-10,1.812600e-09
3.130000e+02,4.238000e-06,3.243400e-10,1.803700e-09
3.140000e+02,4.218900e-06,3.231100e-10,1.794700e-09
3.150000e+02,4.199800e-06,3.218800e-10,1.785700e-09
3.160000e+02,4.180900e-06,3.206700e-10,1.776700e-09
3.170000e+02,4.162000e-06,3.194700e-10,1.767800e-09
3.180000e+02,4.143200e-06,3.182700e-10,1.758800e-09
3.190000e+02,4.124500e-06,3.170900e-10,1.749800e-09
3.200000e+02,4.105800e-06,3.159100e-10,1.740900e-09
3.210000e+02,4.087200e-06,3.147400e-10,1.732000e-09
3.220000e+02,4.068600e-06,3.135800e-10,1.723100e-09
3.230000e+02,4.050100e-06,3.124300e-10,1.714200e-09
3.240000e+02,4.031600e-06,3.112800e-10,1.705400e-09
3.250000e+02,4.013200e-06,3.101400e-10,1.696700e-09
3.260000e+02,3.994900e-06,3.090200e-10,1.688000e-09
3.270000e+02,3.976500e-06,3.079000e-10,1.679300e-09
3.280000e+02,3.958200e-06,3.067800e-10,1.670800e-09
3.290000e+02,3.940000e-06,3.056800e-10,1.662300e-09
3.300000e+02,3.921800e-06,3.045800e-10,1.653800e-09
3.310000e+02,3.903700e-06,3.034900e-10,1.645500e-09
3.320000e+02,3.885600e-06,3.024100e-10,1.637200e-09
3.330000e+02,3.867500e-06,3.013300e-10,1.629100e-09
3.340000e+02,3.849600e-06,3.002700e-10,1.621000e-09
3.350000e+02,3.831600e-06,2.992000e-10,1.613000e-09
3.360000e+02,3.813800e-06,2.981500e-10,1.605100e-09
3.370000e+02,3.796100e-06,2.971100e-10,1.597400e-09
3.380000e+02,3.778300e-06,2.960700e-10,1.589700e-09
3.390000e+02,3.760700e-06,2.950300e-10,1.582100e-09
3.400000e+02,3.743300e-06,2.940100e-10,1.574600e-09
3.410000e+02,3.725800e-06,2.929900e-10,1.567300e-09
3.420000e+02,3.708400e-06,2.919800e-10,1.560000e-09
3.430000e+02,3.691300e-06,2.909700e-10,1.552900e-09
3.440000e+02,3.674000e-06,2.899700e-10,1.545800e-09
3.450000e+02,3.657000e-06,2.889800e-10,1.538900e-09
3.460000e+02,3.640200e-06,2.880000e-10,1.532100e-09
3.470000e+02,3.623300e-06,2.870200e-10,1.525300e-09
3.480000e+02,3.606700e-06,2.860400e-10,1.518700e-09
3.490000e+02,3.590200e-06,2.850800e-10,1.512200e-09
3.500000e+02,3.573700e-06,2.841200e-10,1.505700e-09
3.510000e+02,3.557400e-06,2.831600e-10,1.499400e-09
3.520000e+02,3.541300e-06,2.822100e-10,1.493100e-09
3.530000e+02,3.525200e-06,2.812700e-10,1.486900e-09
3.540000e+02,3.509400e-06,2.803400e-10,1.480800e-09
3.550000e+02,3.493700e-06,2.794100e-10,1.474800e-09
3.560000e+02,3.478100e-06,2.784800e-10,1.468900e-09
3.570000e+02,3.462600e-06,2.775600e-10,1.463000e-09
3.580000e+02,3.447300e-06,2.766500e-10,1.457200e-09
3.590000e+02,3.432200e-06,2.757400e-10,1.451500e-09
3.600000e+02,3.417200e-06,2.748400e-10,1.445800e-09
3.610000e+02,3.402300e-06,2.739400e-10,1.440200e-09
3.620000e+02,3.387700e-06,2.730500e-10,1.434600e-09
3.630000e+02,3.373100e-06,2.721700e-10,1.429100e-09
3.640000e+02,3.358700e-06,2.712900e-10,1.423600e-09
3.650000e+02,3.344500e-06,2.704100e-10,1.418200e-09
3.660000e+02,3.330300e-06,2.695400e-10,1.412800e-09
3.670000e+02,3.316300e-06,2.686800e-10,1.407400e-09
3.680000e+02,3.302600e-06,2.678200e-10,1.402100e-09
3.690000e+02,3.288900e-06,2.669700e-10,1.396800e-09
3.700000e+02,3.275300e-06,2.661200e-10,1.391500e-09
3.710000e+02,3.262000e-06,2.652800e-10,1.386300e-09
3.720000e+02,3.248700e-06,2.644400e-10,1.381000e-09
3.730000e+02,3.235500e-06,2.636000e-10,1.375800e-09
3.740000e+02,3.222600e-06,2.627700e-10,1.370600e-09
3.750000e+02,3.209700e-06,2.619500e-10,1.365500e-09
3.760000e+02,3.196900e-06,2.611300e-10,1.360300e-09
3.770000e+02,3.184300e-06,2.603200e-10,1.355200e-09
3.780000e+02,3.171800e-06,2.595100e-10,1.350100e-09
3.790000e+02,3.159400e-06,2.587000e-10,1.345000e-09
3.800000e+02,3.147200e-06,2.579000e-10,1.339900e-09
3.810000e+02,3.135000e-06,2.571100e-10,1.334800e-09
3.820000e+02,3.122900e-06,2.563200e-10,1.329800e-09
3.830000e+02,3.111000e-06,2.555300e-10,1.324700e-09
3.840000e+02,3.099200e-06,2.547500e-10,1.319700e-09
3.850000e+02,3.087400e-06,2.539700e-10,1.314700e-09
3.860000e+02,3.075800e-06,2.532000e-10,1.309700e-09
3.870000e+02,3.064300e-06,2.524300e-10,1.304700e-09
3.880000e+02,3.052800e-06,2.516700e-10,1.299700e-09
3.890000e+02,3.041400e-06,2.509100e-10,1.294800e-09
3.900000e+02,3.030100e-06,2.501500e-10,1.289800e-09
3.910000e+02,3.018900e-06,2.494000e-10,1.284900e-09
3.920000e+02,3.007800e-06,2.486600e-10,1.280000e-09
3.930000e+02,2.996700e-06,2.479100e-10,1.275100e-09
3.940000e+02,2.985800e-06,2.471700e-10,1.270300e-09
3.950000e+02,2.974900e-06,2.464400e-10,1.265500e-09
3.960000e+02,2.964100e-06,2.457100e-10,1.260700e-09
3.970000e+02,2.953300e-06,2.449800e-10,1.255900e-09
3.980000e+02,2.942600e-06,2.442600e-10,1.251200e-09
3.990000e+02,2.932000e-06,2.435400e-10,1.246500e-09
4.000000e+02,2.921400e-06,2.428300e-10,1.241800e-09
4.010000e+02,2.910900e-06,2.421200e-10,1.237100e-09
4.020000e+02,2.900500e-06,2.414100e-10,1.232500e-09
4.030000e+02,2.890100e-06,2.407100e-10,1.227900e-09
4.040000e+02,2.879800e-06,2.400100e-10,1.223400e-09
4.050000e+02,2.869600e-06,2.393100e-10,1.218900e-09
4.060000e+02,2.859400e-06,2.386200e-10,1.214400e-09
4.070000e+02,2.849200e-06,2.379300e-10,1.209900e-09
4.080000e+02,2.839100e-06,2.372500e-10,1.205500e-09
4.090000e+02,2.829100e-06,2.365700e-10,1.201100e-09
4.100000e+02,2.819000e-06,2.358900e-10,1.196800e-09
4.110000e+02,2.809100e-06,2.352200e-10,1.192500e-09
4.120000e+02,2.799200e-06,2.345500e-10,1.188300e-09
4.130000e+02,2.789400e-06,2.338800e-10,1.184000e-09
4.140000e+02,2.779600e-06,2.332200e-10,1.179800e-09
4.150000e+02,2.769800e-06,2.325600e-10,1.175700e-09
4.160000e+02,2.760200e-06,2.319000e-10,1.171600e-09
4.170000e+02,2.750500e-06,2.312500e-10,1.167500e-09
4.180000e+02,2.740900e-06,2.306000e-10,1.163500e-09
4.190000e+02,2.731400e-06,2.299500e-10,1.159500e-09
4.200000e+02,2.721900e-06,2.293100e-10,1.155500e-09
4.210000e+02,2.712400e-06,2.286700e-10,1.151600e-09
4.220000e+02,2.703000e-06,2.280300e-10,1.147700e-09
4.230000e+02,2.693700e-06,2.274000e-10,1.143800e-09
4.240000e+02,2.684400e-06,2.267700e-10,1.140000e-09
4.250000e+02,2.675100e-06,2.261400e-10,1.136200e-09
4.260000e+02,2.665900e-06,2.255200e-10,1.132400e-09
4.270000e+02,2.656800e-06,2.249000e-10,1.128700e-09
4.280000e+02,2.647700e-06,2.242800e-10,1.125000e-09
4.290000e+02,2.638600e-06,2.236700e-10,1.121300e-09
4.300000e+02,2.629700e-06,2.230500e-10,1.117700e-09
4.310000e+02,2.620700e-06,2.224500e-10,1.114100e-09
4.320000e+02,2.611800e-06,2.218400e-10,1.110500e-09
4.330000e+02,2.603000e-06,2.212400e-10,1.106900e-09
4.340000e+02,2.594200e-06,2.206400e-10,1.103300e-09
4.350000e+02,2.585500e-06,2.200400e-10,1.099800e-09
4.360000e+02,2.576800e-06,2.194500e-10,1.096300e-09
4.370000e+02,2.568100e-06,2.188600e-10,1.092900e-09
4.380000e+02,2.559600e-06,2.182700e-10,1.089400e-09
4.390000e+02,2.551000e-06,2.176900e-10,1.086000e-09
4.400000e+02,2.542600e-06,2.171100e-10,1.082600e-09
4.410000e+02,2.534100e-06,2.165300e-10,1.079200e-09
4.420000e+02,2.525800e-06,2.159500e-10,1.075800e-09
4.430000e+02,2.517500e-06,2.153800e-10,1.072400e-09
4.440000e+02,2.509200e-06,2.148100e-10,1.069100e-09
4.450000e+02,2.501000e-06,2.142400e-10,1.065800e-09
4.460000e+02,2.492900e-06,2.136700e-10,1.062500e-09
4.470000e+02,2.484800e-06,2.131100e-10,1.059200e-09
4.480000e+02,2.476700e-06,2.125500e-10,1.055900e-09
4.490000e+02,2.468700e-06,2.119900e-10,1.052700e-09
4.500000e+02,2.460800e-06,2.114400e-10,1.049400e-09
4.510000e+02,2.453000e-06,2.108900e-10,1.046200e-09
4.520000e+02,2.445100e-06,2.103400e-10,1.043000e-09
4.530000e+02,2.437300e-06,2.097900e-10,1.039800e-09
4.540000e+02,2.429700e-06,2.092400e-10,1.036600e-09
4.550000e+02,2.422000e-06,2.087000e-10,1.033500e-09
4.560000e+02,2.414400e-06,2.081600e-10,1.030300e-09
4.570000e+02,2.406800e-06,2.076300e-10,1.027200e-09
4.580000e+02,2.399300e-06,2.070900e-10,1.024000e-09
4.590000e+02,2.391900e-06,2.065600e-10,1.020900e-09
4.600000e+02,2.384500e-06,2.060300e-10,1.017800e-09
4.610000e+02,2.377100e-06,2.055000e-10,1.014800e-09
4.620000e+02,2.369800e-06,2.049800e-10,1.011700e-09
4.630000e+02,2.362600e-06,2.044600e-10,1.008700e-09
4.640000e+02,2.355400e-06,2.039400e-10,1.005600e-09
4.650000e+02,2.348200e-06,2.034200e-10,1.002600e-09
4.660000e+02,2.341100e-06,2.029000e-10,9.996100e-10
4.670000e+02,2.334100e-06,2.023900e-10,9.966200e-10
4.680000e+02,2.327100e-06,2.018800e-10,9.936500e-10
4.690000e+02,2.320100e-06,2.013700e-10,9.906900e-10
4.700000e+02,2.313200e-06,2.008700e-10,9.877600e-10
4.710000e+02,2.306300e-06,2.003600e-10,9.848400e-10
4.720000e+02,2.299500e-06,1.998600e-10,9.819300e-10
4.730000e+02,2.292700e-06,1.993600e-10,9.790400e-10
4.740000e+02,2.286000e-06,1.988600e-10,9.761700e-10
4.750000e+02,2.279300e-06,1.983700e-10,9.733200e-10
4.760000e+02,2.272600e-06,1.978800e-10,9.704800e-10
4.770000e+02,2.266000e-06,1.973900e-10,9.676600e-10
4.780000e+02,2.259400e-06,1.969000e-10,9.648500e-10
4.790000e+02,2.252900e-06,1.964100e-10,9.620700e-10
4.800000e+02,2.246400e-06,1.959300e-10,9.593000e-10
4.810000e+02,2.239900e-06,1.954500e-10,9.565400e-10
4.820000e+02,2.233500e-06,1.949700e-10,9.538100e-10
4.830000e+02,2.227100e-06,1.944900e-10,9.510900e-10
4.840000e+02,2.220800e-06,1.940100e-10,9.483900e-10
4.850000e+02,2.214400e-06,1.935400e-10,9.457000e-10
4.860000e+02,2.208200e-06,1.930700e-10,9.430300e-10
4.870000e+02,2.201900e-06,1.926000e-10,9.403900e-10
4.880000e+02,2.195700e-06,1.921300e-10,9.377500e-10
4.890000e+02,2.189500e-06,1.916600e-10,9.351300e-10
4.900000e+02,2.183400e-06,1.912000e-10,9.325300e-10
4.910000e+02,2.177200e-06,1.907400e-10,9.299400e-10
4.920000e+02,2.171200e-06,1.902800e-10,9.273800e-10
4.930000e+02,2.165100e-06,1.898200e-10,9.248200e-10
4.940000e+02,2.159100e-06,1.893600e-10,9.222800e-10
4.950000e+02,2.153100e-06,1.889100e-10,9.197600e-10
4.960000e+02,2.147100e-06,1.884600e-10,9.172600e-10
4.970000e+02,2.141200e-06,1.880100e-10,9.147700e-10
4.980000e+02,2.135200e-06,1.875600e-10,9.122900e-10
4.990000e+02,2.129400e-06,1.871100e-10,9.098200e-10
5.000000e+02,2.123500e-06,1.866700e-10,9.073700e-10
