0.	0.
1.	0.
2.	2.1047e-8
3.	2.2466e-8
4.	2.275e-8
5.	2.2403e-8
6.	2.1742e-8
7.	2.0908e-8
8.	1.9997e-8
9.	1.9052e-8
10.	1.8114e-8
11.	1.7198e-8
12.	1.6315e-8
13.	1.5476e-8
14.	1.4681e-8
15.	1.3931e-8
16.	1.3227e-8
17.	1.2569e-8
18.	1.1954e-8
19.	1.1378e-8
20.	1.0842e-8
21.	1.0342e-8
22.	9.8757e-9
23.	9.4405e-9
24.	9.0346e-9
25.	8.6558e-9
26.	8.3019e-9
27.	7.9707e-9
28.	7.6607e-9
29.	7.3702e-9
30.	7.0978e-9
31.	6.8417e-9
32.	6.6008e-9
33.	6.3738e-9
34.	6.1598e-9
35.	5.9576e-9
36.	5.7662e-9
37.	5.5849e-9
38.	5.4129e-9
39.	5.2495e-9
40.	5.094e-9
41.	4.946e-9
42.	4.8047e-9
43.	4.6698e-9
44.	4.5408e-9
45.	4.4174e-9
46.	4.2991e-9
47.	4.1856e-9
48.	4.0767e-9
49.	3.972e-9
50.	3.8713e-9
51.	3.7743e-9
52.	3.681e-9
53.	3.591e-9
54.	3.5042e-9
55.	3.4204e-9
56.	3.3395e-9
57.	3.2614e-9
58.	3.1858e-9
59.	3.1128e-9
60.	3.0422e-9
61.	2.9739e-9
62.	2.9078e-9
63.	2.8438e-9
64.	2.7818e-9
65.	2.7218e-9
66.	2.6636e-9
67.	2.6073e-9
68.	2.5528e-9
69.	2.4999e-9
70.	2.4487e-9
71.	2.3991e-9
72.	2.3509e-9
73.	2.3043e-9
74.	2.2591e-9
75.	2.2153e-9
76.	2.1728e-9
77.	2.1316e-9
78.	2.0916e-9
79.	2.0529e-9
80.	2.0153e-9
81.	1.9789e-9
82.	1.9436e-9
83.	1.9093e-9
84.	1.8761e-9
85.	1.8438e-9
86.	1.8125e-9
87.	1.7821e-9
88.	1.7526e-9
89.	1.724e-9
90.	1.6962e-9
91.	1.6692e-9
92.	1.6429e-9
93.	1.6174e-9
94.	1.5926e-9
95.	1.5685e-9
96.	1.5451e-9
97.	1.5223e-9
98.	1.5001e-9
99.	1.4785e-9
100.	1.4575e-9
101.	1.437e-9
102.	1.417e-9
103.	1.3976e-9
104.	1.3786e-9
105.	1.3601e-9
106.	1.342e-9
107.	1.3244e-9
108.	1.3072e-9
109.	1.2904e-9
110.	1.274e-9
111.	1.2579e-9
112.	1.2423e-9
113.	1.2269e-9
114.	1.2119e-9
115.	1.1972e-9
116.	1.1828e-9
117.	1.1688e-9
118.	1.155e-9
119.	1.1415e-9
120.	1.1282e-9
121.	1.1153e-9
122.	1.1026e-9
123.	1.0901e-9
124.	1.0779e-9
125.	1.0659e-9
126.	1.0541e-9
127.	1.0425e-9
128.	1.0312e-9
129.	1.0201e-9
130.	1.0092e-9
131.	9.9846e-10
132.	9.8794e-10
133.	9.7761e-10
134.	9.6746e-10
135.	9.5749e-10
136.	9.477e-10
137.	9.3808e-10
138.	9.2863e-10
139.	9.1935e-10
140.	9.1023e-10
141.	9.0127e-10
142.	8.9247e-10
143.	8.8382e-10
144.	8.7532e-10
145.	8.6696e-10
146.	8.5875e-10
147.	8.5068e-10
148.	8.4274e-10
149.	8.3495e-10
150.	8.2728e-10
151.	8.1975e-10
152.	8.1234e-10
153.	8.0506e-10
154.	7.979e-10
155.	7.9086e-10
156.	7.8394e-10
157.	7.7713e-10
158.	7.7043e-10
159.	7.6385e-10
160.	7.5737e-10
161.	7.51e-10
162.	7.4473e-10
163.	7.3857e-10
164.	7.325e-10
165.	7.2653e-10
166.	7.2065e-10
167.	7.1487e-10
168.	7.0917e-10
169.	7.0356e-10
170.	6.9804e-10
171.	6.9261e-10
172.	6.8725e-10
173.	6.8198e-10
174.	6.7679e-10
175.	6.7167e-10
176.	6.6663e-10
177.	6.6166e-10
178.	6.5676e-10
179.	6.5194e-10
180.	6.4718e-10
181.	6.4249e-10
182.	6.3786e-10
183.	6.333e-10
184.	6.288e-10
185.	6.2437e-10
186.	6.1999e-10
187.	6.1567e-10
188.	6.1141e-10
189.	6.072e-10
190.	6.0305e-10
191.	5.9895e-10
192.	5.9491e-10
193.	5.9092e-10
194.	5.8697e-10
195.	5.8308e-10
196.	5.7924e-10
197.	5.7544e-10
198.	5.7169e-10
199.	5.6799e-10
200.	5.6433e-10
201.	5.6072e-10
202.	5.5715e-10
203.	5.5362e-10
204.	5.5014e-10
205.	5.4669e-10
206.	5.4329e-10
207.	5.3993e-10
208.	5.366e-10
209.	5.3332e-10
210.	5.3007e-10
211.	5.2686e-10
212.	5.2369e-10
213.	5.2056e-10
214.	5.1745e-10
215.	5.1439e-10
216.	5.1136e-10
217.	5.0837e-10
218.	5.054e-10
219.	5.0247e-10
220.	4.9958e-10
221.	4.9671e-10
222.	4.9388e-10
223.	4.9108e-10
224.	4.8831e-10
225.	4.8557e-10
226.	4.8286e-10
227.	4.8018e-10
228.	4.7753e-10
229.	4.7491e-10
230.	4.7232e-10
231.	4.6975e-10
232.	4.6721e-10
233.	4.647e-10
234.	4.6222e-10
235.	4.5976e-10
236.	4.5733e-10
237.	4.5492e-10
238.	4.5254e-10
239.	4.5018e-10
240.	4.4784e-10
241.	4.4554e-10
242.	4.4325e-10
243.	4.4099e-10
244.	4.3875e-10
245.	4.3653e-10
246.	4.3433e-10
247.	4.3216e-10
248.	4.3001e-10
249.	4.2788e-10
250.	4.2577e-10
251.	4.2368e-10
252.	4.2161e-10
253.	4.1956e-10
254.	4.1753e-10
255.	4.1552e-10
256.	4.1353e-10
257.	4.1155e-10
258.	4.096e-10
259.	4.0766e-10
260.	4.0574e-10
261.	4.0384e-10
262.	4.0196e-10
263.	4.0009e-10
264.	3.9824e-10
265.	3.9641e-10
266.	3.9459e-10
267.	3.9279e-10
268.	3.9101e-10
269.	3.8924e-10
270.	3.8749e-10
271.	3.8575e-10
272.	3.8403e-10
273.	3.8232e-10
274.	3.8063e-10
275.	3.7895e-10
276.	3.7728e-10
277.	3.7563e-10
278.	3.74e-10
279.	3.7237e-10
280.	3.7077e-10
281.	3.6917e-10
282.	3.6759e-10
283.	3.6602e-10
284.	3.6446e-10
285.	3.6292e-10
286.	3.6139e-10
287.	3.5987e-10
288.	3.5837e-10
289.	3.5687e-10
290.	3.5539e-10
291.	3.5392e-10
292.	3.5246e-10
293.	3.5102e-10
294.	3.4958e-10
295.	3.4816e-10
296.	3.4675e-10
297.	3.4534e-10
298.	3.4395e-10
299.	3.4257e-10
300.	3.4121e-10
301.	3.3985e-10
302.	3.385e-10
303.	3.3716e-10
304.	3.3584e-10
305.	3.3452e-10
306.	3.3321e-10
307.	3.3192e-10
308.	3.3063e-10
309.	3.2935e-10
310.	3.2808e-10
311.	3.2683e-10
312.	3.2558e-10
313.	3.2434e-10
314.	3.2311e-10
315.	3.2188e-10
316.	3.2067e-10
317.	3.1947e-10
318.	3.1827e-10
319.	3.1709e-10
320.	3.1591e-10
321.	3.1474e-10
322.	3.1358e-10
323.	3.1243e-10
324.	3.1128e-10
325.	3.1014e-10
326.	3.0902e-10
327.	3.079e-10
328.	3.0678e-10
329.	3.0568e-10
330.	3.0458e-10
331.	3.0349e-10
332.	3.0241e-10
333.	3.0133e-10
334.	3.0027e-10
335.	2.992e-10
336.	2.9815e-10
337.	2.9711e-10
338.	2.9607e-10
339.	2.9503e-10
340.	2.9401e-10
341.	2.9299e-10
342.	2.9198e-10
343.	2.9097e-10
344.	2.8997e-10
345.	2.8898e-10
346.	2.88e-10
347.	2.8702e-10
348.	2.8604e-10
349.	2.8508e-10
350.	2.8412e-10
351.	2.8316e-10
352.	2.8221e-10
353.	2.8127e-10
354.	2.8034e-10
355.	2.7941e-10
356.	2.7848e-10
357.	2.7756e-10
358.	2.7665e-10
359.	2.7574e-10
360.	2.7484e-10
361.	2.7394e-10
362.	2.7305e-10
363.	2.7217e-10
364.	2.7129e-10
365.	2.7041e-10
366.	2.6954e-10
367.	2.6868e-10
368.	2.6782e-10
369.	2.6697e-10
370.	2.6612e-10
371.	2.6528e-10
372.	2.6444e-10
373.	2.636e-10
374.	2.6277e-10
375.	2.6195e-10
376.	2.6113e-10
377.	2.6032e-10
378.	2.5951e-10
379.	2.587e-10
380.	2.579e-10
381.	2.5711e-10
382.	2.5632e-10
383.	2.5553e-10
384.	2.5475e-10
385.	2.5397e-10
386.	2.532e-10
387.	2.5243e-10
388.	2.5167e-10
389.	2.5091e-10
390.	2.5015e-10
391.	2.494e-10
392.	2.4866e-10
393.	2.4791e-10
394.	2.4717e-10
395.	2.4644e-10
396.	2.4571e-10
397.	2.4498e-10
398.	2.4426e-10
399.	2.4354e-10
400.	2.4283e-10
401.	2.4212e-10
402.	2.4141e-10
403.	2.4071e-10
404.	2.4001e-10
405.	2.3931e-10
406.	2.3862e-10
407.	2.3793e-10
408.	2.3725e-10
409.	2.3657e-10
410.	2.3589e-10
411.	2.3522e-10
412.	2.3455e-10
413.	2.3388e-10
414.	2.3322e-10
415.	2.3256e-10
416.	2.319e-10
417.	2.3125e-10
418.	2.306e-10
419.	2.2995e-10
420.	2.2931e-10
421.	2.2867e-10
422.	2.2803e-10
423.	2.274e-10
424.	2.2677e-10
425.	2.2614e-10
426.	2.2552e-10
427.	2.249e-10
428.	2.2428e-10
429.	2.2367e-10
430.	2.2305e-10
431.	2.2245e-10
432.	2.2184e-10
433.	2.2124e-10
434.	2.2064e-10
435.	2.2004e-10
436.	2.1945e-10
437.	2.1886e-10
438.	2.1827e-10
439.	2.1769e-10
440.	2.1711e-10
441.	2.1653e-10
442.	2.1595e-10
443.	2.1538e-10
444.	2.1481e-10
445.	2.1424e-10
446.	2.1367e-10
447.	2.1311e-10
448.	2.1255e-10
449.	2.1199e-10
450.	2.1144e-10
451.	2.1089e-10
452.	2.1034e-10
453.	2.0979e-10
454.	2.0924e-10
455.	2.087e-10
456.	2.0816e-10
457.	2.0763e-10
458.	2.0709e-10
459.	2.0656e-10
460.	2.0603e-10
461.	2.055e-10
462.	2.0498e-10
463.	2.0446e-10
464.	2.0394e-10
465.	2.0342e-10
466.	2.029e-10
467.	2.0239e-10
468.	2.0188e-10
469.	2.0137e-10
470.	2.0087e-10
471.	2.0036e-10
472.	1.9986e-10
473.	1.9936e-10
474.	1.9886e-10
475.	1.9837e-10
476.	1.9788e-10
477.	1.9739e-10
478.	1.969e-10
479.	1.9641e-10
480.	1.9593e-10
481.	1.9545e-10
482.	1.9497e-10
483.	1.9449e-10
484.	1.9401e-10
485.	1.9354e-10
486.	1.9307e-10
487.	1.926e-10
488.	1.9213e-10
489.	1.9166e-10
490.	1.912e-10
491.	1.9074e-10
492.	1.9028e-10
493.	1.8982e-10
494.	1.8936e-10
495.	1.8891e-10
496.	1.8846e-10
497.	1.8801e-10
498.	1.8756e-10
499.	1.8711e-10
500.	1.8667e-10